# Created by Octave 3.8.1, Mon Aug 17 16:45:50 2015 PDT <ataicher@ataicher-Inspiron-7548>
# name: basis
# type: matrix
# rows: 12
# columns: 2
 -0.125 0
 0 -0.125
 -0.125 0
 0 -0.125
 -0.125 0
 0 -0.125
 -0.125 0
 0 -0.125
 0 -0.375
 0.375 0
 0 0.375
 -0.375 0


# name: basisDer
# type: matrix
# ndims: 3
 12 2 2
 0.125
 0
 -0.125
 0
 -0.125
 0
 0.125
 0
 0
 0.375
 0
 0.375
 -0.25
 0
 -0.25
 0
 0.25
 0
 0.25
 0
 0
 -0
 0
 0
 0
 -0.25
 0
 0.25
 0
 0.25
 0
 -0.25
 0
 0
 -0
 0
 0
 -0.125
 0
 0.125
 0
 -0.125
 0
 -0.25
 0.375
 0
 0.375
 0


# name: edgeBasis
# type: matrix
# ndims: 4
 12 2 1 4
 0.5
 0
 0.5
 0
 0
 0
 0
 0
 0
 0
 0
 -0
 0
 -0.25
 0
 -0.25
 0
 -0
 0
 -0
 -0.75
 0
 0
 0
 -0
 0
 -0.25
 0
 -0.25
 0
 -0
 0
 0
 0.75
 0
 -0
 0
 0
 0
 0.5
 0
 0.5
 0
 0
 -0
 0
 0
 0
 0
 0
 0
 0
 0.5
 0
 0.5
 0
 0
 0
 0
 -0
 0
 -0
 0
 -0
 0
 -0.25
 0
 -0.25
 -0
 0
 0.75
 0
 -0.25
 0
 -0
 0
 -0
 0
 -0.25
 0
 0
 0
 0
 -0.75
 0
 0.5
 0
 0
 0
 0
 0
 0.5
 -0
 0
 0
 0


