# Created by Octave 3.8.1, Mon Aug 17 16:45:50 2015 PDT <ataicher@ataicher-Inspiron-7548>
# name: basis
# type: matrix
# ndims: 3
 12 2 36
 0.8390389404915705
 0
 0.02932036279870227
 0
 -0.002164696843742559
 0
 -0.06194551406913667
 0
 0
 0.003304788471732131
 0
 -0.09457066533957112
 0
 0.8390389404915705
 0
 -0.06194551406913667
 0
 -0.002164696843742559
 0
 0.02932036279870227
 -0.09457066533957112
 0
 0.003304788471732131
 0
 0.7212633127255534
 0
 0.1470959905647193
 0
 -0.01085996884447577
 0
 -0.05325024206840347
 0
 0
 0.01657964252331211
 0
 -0.08129581128799115
 0
 0.3947098769810756
 0
 -0.2441736139444377
 0
 -0.008532689725374083
 0
 0.01379320581537723
 -0.4078492470324691
 0
 0.01425236340421042
 0
 0.5377832467345847
 0
 0.330576056555688
 0
 -0.02440614228261296
 0
 -0.03970406863026628
 0
 0
 0.03726024634266328
 0
 -0.06061520746863997
 0
 -0.08501519895848748
 0
 -0.3155773502633609
 0
 -0.01102790580298203
 0
 -0.00297087102465866
 -0.6834136531617122
 0
 0.02388200986303233
 0
 0.330576056555688
 0
 0.5377832467345847
 0
 -0.03970406863026628
 0
 -0.02440614228261296
 0
 0
 0.06061520746863997
 0
 -0.03726024634266328
 0
 -0.3155773502633609
 0
 -0.08501519895848748
 0
 -0.00297087102465866
 0
 -0.01102790580298203
 -0.6834136531617122
 0
 0.02388200986303233
 0
 0.1470959905647192
 0
 0.7212633127255534
 0
 -0.05325024206840347
 0
 -0.01085996884447576
 0
 0
 0.08129581128799115
 0
 -0.0165796425233121
 0
 -0.2441736139444376
 0
 0.3947098769810757
 0
 0.01379320581537724
 0
 -0.008532689725374083
 -0.4078492470324689
 0
 0.01425236340421041
 0
 0.02932036279870227
 0
 0.8390389404915705
 0
 -0.06194551406913667
 0
 -0.002164696843742559
 0
 0
 0.09457066533957112
 0
 -0.003304788471732131
 0
 -0.06194551406913667
 0
 0.8390389404915705
 0
 0.02932036279870227
 0
 -0.002164696843742559
 -0.09457066533957112
 0
 0.003304788471732131
 0
 0.3947098769810756
 0
 0.01379320581537723
 0
 -0.008532689725374083
 0
 -0.2441736139444377
 0
 0
 0.01425236340421042
 0
 -0.4078492470324691
 0
 0.7212633127255534
 0
 -0.05325024206840347
 0
 -0.01085996884447577
 0
 0.1470959905647193
 -0.08129581128799115
 0
 0.01657964252331211
 0
 0.3393045777709365
 0
 0.06919850502551628
 0
 -0.04280726183206899
 0
 -0.2098990418377428
 0
 0
 0.07150203178671022
 0
 -0.3505995786499693
 0
 0.3393045777709365
 0
 -0.2098990418377428
 0
 -0.04280726183206899
 0
 0.06919850502551628
 -0.3505995786499693
 0
 0.07150203178671022
 0
 0.2529898779629096
 0
 0.1555132048335433
 0
 -0.09620286558501406
 0
 -0.1565034380847977
 0
 0
 0.1606900338549362
 0
 -0.2614115765817432
 0
 -0.07308164266714003
 0
 -0.2712798585233134
 0
 -0.05532539754302954
 0
 -0.01490442731600613
 -0.5874830972117929
 0
 0.1198125658129517
 0
 0.1555132048335433
 0
 0.2529898779629096
 0
 -0.1565034380847977
 0
 -0.09620286558501406
 0
 0
 0.2614115765817432
 0
 -0.1606900338549362
 0
 -0.2712798585233134
 0
 -0.07308164266714003
 0
 -0.01490442731600613
 0
 -0.05532539754302954
 -0.5874830972117929
 0
 0.1198125658129517
 0
 0.06919850502551625
 0
 0.3393045777709365
 0
 -0.2098990418377428
 0
 -0.04280726183206897
 0
 0
 0.3505995786499693
 0
 -0.07150203178671019
 0
 -0.2098990418377427
 0
 0.3393045777709367
 0
 0.0691985050255163
 0
 -0.04280726183206898
 -0.3505995786499692
 0
 0.07150203178671019
 0
 0.01379320581537723
 0
 0.3947098769810756
 0
 -0.2441736139444377
 0
 -0.008532689725374083
 0
 0
 0.4078492470324691
 0
 -0.01425236340421042
 0
 -0.05325024206840347
 0
 0.7212633127255534
 0
 0.1470959905647193
 0
 -0.01085996884447577
 -0.08129581128799115
 0
 0.01657964252331211
 0
 -0.08501519895848748
 0
 -0.00297087102465866
 0
 -0.01102790580298203
 0
 -0.3155773502633609
 0
 0
 0.02388200986303233
 0
 -0.6834136531617122
 0
 0.5377832467345847
 0
 -0.03970406863026628
 0
 -0.02440614228261296
 0
 0.330576056555688
 -0.06061520746863997
 0
 0.03726024634266328
 0
 -0.07308164266714003
 0
 -0.01490442731600613
 0
 -0.05532539754302954
 0
 -0.2712798585233134
 0
 0
 0.1198125658129517
 0
 -0.5874830972117929
 0
 0.2529898779629096
 0
 -0.1565034380847977
 0
 -0.09620286558501406
 0
 0.1555132048335433
 -0.2614115765817432
 0
 0.1606900338549362
 0
 -0.05449061719459183
 0
 -0.03349545278855431
 0
 -0.1243354878466491
 0
 -0.2022697682196939
 0
 0
 0.2692606737968025
 0
 -0.438034989227942
 0
 -0.05449061719459183
 0
 -0.2022697682196939
 0
 -0.1243354878466491
 0
 -0.03349545278855431
 -0.438034989227942
 0
 0.2692606737968025
 0
 -0.03349545278855431
 0
 -0.05449061719459183
 0
 -0.2022697682196939
 0
 -0.1243354878466491
 0
 0
 0.438034989227942
 0
 -0.2692606737968025
 0
 -0.2022697682196939
 0
 -0.05449061719459183
 0
 -0.03349545278855431
 0
 -0.1243354878466491
 -0.438034989227942
 0
 0.2692606737968025
 0
 -0.01490442731600613
 0
 -0.07308164266714003
 0
 -0.2712798585233134
 0
 -0.05532539754302952
 0
 0
 0.5874830972117929
 0
 -0.1198125658129516
 0
 -0.1565034380847977
 0
 0.2529898779629097
 0
 0.1555132048335433
 0
 -0.09620286558501404
 -0.2614115765817432
 0
 0.1606900338549362
 0
 -0.00297087102465866
 0
 -0.08501519895848748
 0
 -0.3155773502633609
 0
 -0.01102790580298203
 0
 0
 0.6834136531617122
 0
 -0.02388200986303233
 0
 -0.03970406863026628
 0
 0.5377832467345847
 0
 0.330576056555688
 0
 -0.02440614228261296
 -0.06061520746863997
 0
 0.03726024634266328
 0
 -0.3155773502633609
 0
 -0.01102790580298203
 0
 -0.00297087102465866
 0
 -0.08501519895848748
 0
 0
 0.02388200986303233
 0
 -0.6834136531617122
 0
 0.330576056555688
 0
 -0.02440614228261296
 0
 -0.03970406863026628
 0
 0.5377832467345847
 -0.03726024634266328
 0
 0.06061520746863997
 0
 -0.2712798585233134
 0
 -0.05532539754302954
 0
 -0.01490442731600613
 0
 -0.07308164266714003
 0
 0
 0.1198125658129517
 0
 -0.5874830972117929
 0
 0.1555132048335433
 0
 -0.09620286558501406
 0
 -0.1565034380847977
 0
 0.2529898779629096
 -0.1606900338549362
 0
 0.2614115765817432
 0
 -0.2022697682196939
 0
 -0.1243354878466491
 0
 -0.03349545278855431
 0
 -0.05449061719459183
 0
 0
 0.2692606737968025
 0
 -0.438034989227942
 0
 -0.03349545278855431
 0
 -0.1243354878466491
 0
 -0.2022697682196939
 0
 -0.05449061719459183
 -0.2692606737968025
 0
 0.438034989227942
 0
 -0.1243354878466491
 0
 -0.2022697682196939
 0
 -0.05449061719459183
 0
 -0.03349545278855431
 0
 0
 0.438034989227942
 0
 -0.2692606737968025
 0
 -0.1243354878466491
 0
 -0.03349545278855431
 0
 -0.05449061719459183
 0
 -0.2022697682196939
 -0.2692606737968025
 0
 0.438034989227942
 0
 -0.05532539754302952
 0
 -0.2712798585233134
 0
 -0.07308164266714003
 0
 -0.01490442731600613
 0
 0
 0.5874830972117929
 0
 -0.1198125658129516
 0
 -0.09620286558501404
 0
 0.1555132048335433
 0
 0.2529898779629097
 0
 -0.1565034380847977
 -0.1606900338549362
 0
 0.2614115765817432
 0
 -0.01102790580298203
 0
 -0.3155773502633609
 0
 -0.08501519895848748
 0
 -0.00297087102465866
 0
 0
 0.6834136531617122
 0
 -0.02388200986303233
 0
 -0.02440614228261296
 0
 0.330576056555688
 0
 0.5377832467345847
 0
 -0.03970406863026628
 -0.03726024634266328
 0
 0.06061520746863997
 0
 -0.2441736139444376
 0
 -0.008532689725374083
 0
 0.01379320581537724
 0
 0.3947098769810757
 0
 0
 0.01425236340421041
 0
 -0.4078492470324689
 0
 0.1470959905647192
 0
 -0.01085996884447576
 0
 -0.05325024206840347
 0
 0.7212633127255534
 -0.0165796425233121
 0
 0.08129581128799115
 0
 -0.2098990418377427
 0
 -0.04280726183206898
 0
 0.0691985050255163
 0
 0.3393045777709367
 0
 0
 0.07150203178671019
 0
 -0.3505995786499692
 0
 0.06919850502551625
 0
 -0.04280726183206897
 0
 -0.2098990418377428
 0
 0.3393045777709365
 -0.07150203178671019
 0
 0.3505995786499693
 0
 -0.1565034380847977
 0
 -0.09620286558501404
 0
 0.1555132048335433
 0
 0.2529898779629097
 0
 0
 0.1606900338549362
 0
 -0.2614115765817432
 0
 -0.01490442731600613
 0
 -0.05532539754302952
 0
 -0.2712798585233134
 0
 -0.07308164266714003
 -0.1198125658129516
 0
 0.5874830972117929
 0
 -0.09620286558501404
 0
