# Created by Octave 3.8.1, Mon Aug 17 16:45:51 2015 PDT <ataicher@ataicher-Inspiron-7548>
# name: basis
# type: matrix
# ndims: 3
 12 2 100
 0.9359511801465503
 0
 0.01237252882831265
 0
 -0.00033377228608879
 0
 -0.02524904725622037
 0
 0
 0.0005039895995950804
 0
 -0.03812556568412814
 0
 0.9359511801465503
 0
 -0.02524904725622037
 0
 -0.00033377228608879
 0
 0.01237252882831265
 -0.03812556568412814
 0
 0.0005039895995950804
 0
 0.884341904685821
 0
 0.06398180428904188
 0
 -0.001726029769821233
 0
 -0.02385678977248793
 0
 0
 0.002606271068143691
 0
 -0.03602328421557953
 0
 0.7340787188908819
 0
 -0.1196983946533328
 0
 -0.001582317400699485
 0
 0.00970393574406962
 -0.1862864700105184
 0
 0.00246255869902194
 0
 0.7963119553486021
 0
 0.1520117536262607
 0
 -0.004100803580598523
 0
 -0.02148201596171064
 0
 0
 0.006192132902412762
 0
 -0.03243742238131046
 0
 0.4302156965623914
 0
 -0.2403297946388476
 0
 -0.003176968388464466
 0
 0.005687108709321085
 -0.3985336811675211
 0
 0.005268297710278699
 0
 0.6796614182940665
 0
 0.2686622906807964
 0
 -0.007247671691916342
 0
 -0.01833514785039283
 0
 0
 0.01094384197324823
 0
 -0.02768571331047499
 0
 0.1061679175296431
 0
 -0.3215730814208536
 0
 -0.004250939904435897
 0
 0.001403455274314364
 -0.6011792140748983
 0
 0.007947110185767775
 0
 0.5447523871445521
 0
 0.4035713218303107
 0
 -0.01088709709683077
 0
 -0.0146957224454784
 0
 0
 0.01643930288785228
 0
 -0.02219025239587094
 0
 -0.156866503717089
 0
 -0.3037985185393491
 0
 -0.00401597434605321
 0
 -0.002073650186682176
 -0.7238091432575121
 0
 0.009568180137074701
 0
 0.4035713218303107
 0
 0.5447523871445521
 0
 -0.0146957224454784
 0
 -0.01088709709683077
 0
 0
 0.02219025239587094
 0
 -0.01643930288785228
 0
 -0.3037985185393491
 0
 -0.156866503717089
 0
 -0.002073650186682176
 0
 -0.00401597434605321
 -0.7238091432575121
 0
 0.009568180137074701
 0
 0.2686622906807964
 0
 0.6796614182940665
 0
 -0.01833514785039283
 0
 -0.007247671691916342
 0
 0
 0.02768571331047499
 0
 -0.01094384197324823
 0
 -0.3215730814208536
 0
 0.1061679175296431
 0
 0.001403455274314364
 0
 -0.004250939904435897
 -0.6011792140748983
 0
 0.007947110185767775
 0
 0.1520117536262608
 0
 0.7963119553486021
 0
 -0.02148201596171064
 0
 -0.004100803580598524
 0
 0
 0.03243742238131046
 0
 -0.006192132902412765
 0
 -0.2403297946388477
 0
 0.4302156965623912
 0
 0.005687108709321083
 0
 -0.003176968388464467
 -0.3985336811675212
 0
 0.0052682977102787
 0
 0.06398180428904188
 0
 0.884341904685821
 0
 -0.02385678977248793
 0
 -0.001726029769821233
 0
 0
 0.03602328421557953
 0
 -0.002606271068143691
 0
 -0.1196983946533328
 0
 0.7340787188908819
 0
 0.00970393574406962
 0
 -0.001582317400699485
 -0.1862864700105184
 0
 0.00246255869902194
 0
 0.01237252882831265
 0
 0.9359511801465503
 0
 -0.02524904725622037
 0
 -0.00033377228608879
 0
 0
 0.03812556568412814
 0
 -0.0005039895995950804
 0
 -0.02524904725622037
 0
 0.9359511801465503
 0
 0.01237252882831265
 0
 -0.00033377228608879
 -0.03812556568412814
 0
 0.0005039895995950804
 0
 0.7340787188908819
 0
 0.00970393574406962
 0
 -0.001582317400699485
 0
 -0.1196983946533328
 0
 0
 0.00246255869902194
 0
 -0.1862864700105184
 0
 0.884341904685821
 0
 -0.02385678977248793
 0
 -0.001726029769821233
 0
 0.06398180428904188
 -0.03602328421557953
 0
 0.002606271068143691
 0
 0.6936008909691662
 0
 0.05018176366578526
 0
 -0.008182605485066939
 0
 -0.1130981065689654
 0
 0
 0.01273457923739484
 0
 -0.1760144494721455
 0
 0.6936008909691662
 0
 -0.1130981065689654
 0
 -0.008182605485066939
 0
 0.05018176366578526
 -0.1760144494721455
 0
 0.01273457923739484
 0
 0.6245578534643932
 0
 0.1192248011705583
 0
 -0.01944071791720196
 0
 -0.1018399941368304
 0
 0
 0.03025556629856567
 0
 -0.1584934624109746
 0
 0.4064931767746163
 0
 -0.2270777716316277
 0
 -0.01642899139568444
 0
 0.02940962849709615
 -0.3765581391007516
 0
 0.02724383977704815
 0
 0.533067315693482
 0
 0.2107153389414696
 0
 -0.03435910502654963
 0
 -0.08692160702748268
 0
 0
 0.05347303451022827
 0
 -0.135275994199312
 0
 0.1003137133605524
 0
 -0.3038412230805439
 0
 -0.02198279824474562
 0
 0.007257659443405107
 -0.5680295965322417
 0
 0.04109672772842426
 0
 0.4272564028448664
 0
 0.3165262517900851
 0
 -0.05161256310788336
 0
 -0.06966814894614896
 0
 0
 0.08032457091349129
 0
 -0.108424457796049
 0
 -0.1482167292709164
 0
 -0.2870467672082554
 0
 -0.02076772567714694
 0
 -0.01072342463285481
 -0.6838975899118319
 0
 0.04947973348275488
 0
 0.3165262517900851
 0
 0.4272564028448664
 0
 -0.06966814894614896
 0
 -0.05161256310788336
 0
 0
 0.108424457796049
 0
 -0.08032457091349129
 0
 -0.2870467672082554
 0
 -0.1482167292709164
 0
 -0.01072342463285481
 0
 -0.02076772567714694
 -0.6838975899118319
 0
 0.04947973348275488
 0
 0.2107153389414696
 0
 0.533067315693482
 0
 -0.08692160702748268
 0
 -0.03435910502654963
 0
 0
 0.135275994199312
 0
 -0.05347303451022827
 0
 -0.3038412230805439
 0
 0.1003137133605524
 0
 0.007257659443405107
 0
 -0.02198279824474562
 -0.5680295965322417
 0
 0.04109672772842426
 0
 0.1192248011705584
 0
 0.6245578534643932
 0
 -0.1018399941368304
 0
 -0.01944071791720197
 0
 0
 0.1584934624109746
 0
 -0.03025556629856568
 0
 -0.2270777716316277
 0
 0.4064931767746162
 0
 0.02940962849709613
 0
 -0.01642899139568445
 -0.3765581391007518
 0
 0.02724383977704816
 0
 0.05018176366578526
 0
 0.6936008909691662
 0
 -0.1130981065689654
 0
 -0.008182605485066939
 0
 0
 0.1760144494721455
 0
 -0.01273457923739484
 0
 -0.1130981065689654
 0
 0.6936008909691662
 0
 0.05018176366578526
 0
 -0.008182605485066939
 -0.1760144494721455
 0
 0.01273457923739484
 0
 0.00970393574406962
 0
 0.7340787188908819
 0
 -0.1196983946533328
 0
 -0.001582317400699485
 0
 0
 0.1862864700105184
 0
 -0.00246255869902194
 0
 -0.02385678977248793
 0
 0.884341904685821
 0
 0.06398180428904188
 0
 -0.001726029769821233
 -0.03602328421557953
 0
 0.002606271068143691
 0
 0.4302156965623914
 0
 0.005687108709321085
 0
 -0.003176968388464466
 0
 -0.2403297946388476
 0
 0
 0.005268297710278699
 0
 -0.3985336811675211
 0
 0.7963119553486021
 0
 -0.02148201596171064
 0
 -0.004100803580598523
 0
 0.1520117536262607
 -0.03243742238131046
 0
 0.006192132902412762
 0
 0.4064931767746163
 0
 0.02940962849709615
 0
 -0.01642899139568444
 0
 -0.2270777716316277
 0
 0
 0.02724383977704815
 0
 -0.3765581391007516
 0
 0.6245578534643932
 0
 -0.1018399941368304
 0
 -0.01944071791720196
 0
 0.1192248011705583
 -0.1584934624109746
 0
 0.03025556629856567
 0
 0.3660296710108502
 0
 0.06987313426086227
 0
 -0.03903296914051656
 0
 -0.2044737938867955
 0
 0
 0.064727525365071
 0
 -0.3390744535127287
 0
 0.3660296710108502
 0
 -0.2044737938867955
 0
 -0.03903296914051656
 0
 0.06987313426086227
 -0.3390744535127287
 0
 0.064727525365071
 0
 0.3124105366822453
 0
 0.1234922685894671
 0
 -0.06898602674597651
 0
 -0.1745207362813356
 0
 0
 0.1143980305459429
 0
 -0.2894039483318568
 0
 0.09032819638101384
 0
 -0.2735959894976783
 0
 -0.0522280318276112
 0
 0.01724317642294365
 -0.5114862886330883
 0
 0.09764003562757763
 0
 0.2503987736333887
 0
 0.1855040316383238
 0
 -0.1036274273220322
 0
 -0.1398793357052799
 0
 0
 0.1718431130964464
 0
 -0.2319588657813534
 0
 -0.1334628076264565
 0
 -0.2584733023064283
 0
 -0.04934119057897399
 0
 -0.02547734627731475
 -0.6158204470411985
 0
 0.1175568763533882
 0
 0.1855040316383238
 0
 0.2503987736333887
 0
 -0.1398793357052799
 0
 -0.1036274273220322
 0
 0
 0.2319588657813534
 0
 -0.1718431130964464
 0
 -0.2584733023064283
 0
 -0.1334628076264565
 0
 -0.02547734627731475
 0
 -0.04934119057897399
 -0.6158204470411985
 0
 0.1175568763533882
 0
 0.1234922685894671
 0
 0.3124105366822453
 0
 -0.1745207362813356
 0
 -0.06898602674597651
 0
 0
 0.2894039483318568
 0
 -0.1143980305459429
 0
 -0.2735959894976783
 0
 0.09032819638101384
 0
 0.01724317642294365
 0
 -0.0522280318276112
 -0.5114862886330883
 0
 0.09764003562757763
 0
 0.06987313426086229
 0
