# Created by Octave 3.8.1, Mon Aug 17 16:45:50 2015 PDT <ataicher@ataicher-Inspiron-7548>
# name: basis
# type: matrix
# ndims: 3
 12 2 64
 0.9034607263336406
 0
 0.01830165828417296
 0
 -0.0007649657185654628
 0
 -0.03776250616115793
 0
 0
 0.001159189592812014
 0
 -0.05722335403814286
 0
 0.9034607263336406
 0
 -0.03776250616115793
 0
 -0.0007649657185654628
 0
 0.01830165828417296
 -0.05722335403814286
 0
 0.001159189592812014
 0
 0.8280497882918355
 0
 0.09371259632597799
 0
 -0.003916963286825809
 0
 -0.03461050859289758
 0
 0
 0.00593556412701736
 0
 -0.05244697950393751
 0
 0.6119450036630266
 0
 -0.1689036036797511
 0
 -0.003421527851085164
 0
 0.01239634221976325
 -0.2685517641327464
 0
 0.005440128691276718
 0
 0.7030891959881177
 0
 0.218673188629696
 0
 -0.009140018367394382
 0
 -0.02938745351232901
 0
 0
 0.01385031238976697
 0
 -0.04453223124118792
 0
 0.2155382219207006
 0
 -0.299559704289142
 0
 -0.006068265264674223
 0
 0.004366218441812102
 -0.5320832053086049
 0
 0.01077855928704682
 0
 0.5454227690530599
 0
 0.3763396155647536
 0
 -0.01573009942460257
 0
 -0.02279737245512083
 0
 0
 0.023836581306012
 0
 -0.03454596232494288
 0
 -0.1304048303405322
 0
 -0.3101973648477693
 0
 -0.006283755349425431
 0
 -0.0026416473610128
 -0.7103735617185348
 0
 0.01439023723083488
 0
 0.3763396155647536
 0
 0.54542276905306
 0
 -0.02279737245512083
 0
 -0.01573009942460256
 0
 0
 0.03454596232494288
 0
 -0.02383658130601199
 0
 -0.3101973648477693
 0
 -0.1304048303405321
 0
 -0.002641647361012799
 0
 -0.006283755349425431
 -0.7103735617185348
 0
 0.01439023723083488
 0
 0.2186731886296959
 0
 0.7030891959881177
 0
 -0.02938745351232901
 0
 -0.00914001836739438
 0
 0
 0.04453223124118792
 0
 -0.01385031238976697
 0
 -0.2995597042891419
 0
 0.2155382219207007
 0
 0.004366218441812106
 0
 -0.006068265264674223
 -0.5320832053086048
 0
 0.01077855928704682
 0
 0.09371259632597805
 0
 0.8280497882918355
 0
 -0.03461050859289758
 0
 -0.003916963286825811
 0
 0
 0.05244697950393751
 0
 -0.005935564127017363
 0
 -0.1689036036797512
 0
 0.6119450036630264
 0
 0.01239634221976325
 0
 -0.003421527851085166
 -0.2685517641327466
 0
 0.005440128691276721
 0
 0.01830165828417301
 0
 0.9034607263336406
 0
 -0.03776250616115793
 0
 -0.000764965718565465
 0
 0
 0.05722335403814286
 0
 -0.001159189592812017
 0
 -0.03776250616115803
 0
 0.9034607263336404
 0
 0.01830165828417295
 0
 -0.0007649657185654649
 -0.05722335403814302
 0
 0.001159189592812017
 0
 0.6119450036630266
 0
 0.01239634221976325
 0
 -0.003421527851085164
 0
 -0.1689036036797511
 0
 0
 0.005440128691276718
 0
 -0.2685517641327464
 0
 0.8280497882918355
 0
 -0.03461050859289758
 0
 -0.003916963286825809
 0
 0.09371259632597799
 -0.05244697950393751
 0
 0.00593556412701736
 0
 0.5608665833054572
 0
 0.06347476257733264
 0
 -0.01751973801216257
 0
 -0.1548053935186737
 0
 0
 0.02785586836400842
 0
 -0.2461360244600147
 0
 0.5608665833054572
 0
 -0.1548053935186737
 0
 -0.01751973801216257
 0
 0.06347476257733264
 -0.2461360244600147
 0
 0.02785586836400842
 0
 0.4762264789974884
 0
 0.1481148668853015
 0
 -0.04088134493414377
 0
 -0.1314437865966925
 0
 0
 0.0650001365453389
 0
 -0.2089917562786843
 0
 0.1975474681168652
 0
 -0.2745557637286669
 0
 -0.03107220582514923
 0
 0.02235697224564743
 -0.4876707671593074
 0
 0.05519099743634436
 0
 0.3694335887300261
 0
 0.2549077571527638
 0
 -0.07035736631773075
 0
 -0.1019677652131055
 0
 0
 0.111866143958571
 0
 -0.1621257488654521
 0
 -0.1195200732121627
 0
 -0.2843055096963062
 0
 -0.03217561050088859
 0
 -0.01352640448938229
 -0.6510794108076409
 0
 0.0736843881417289
 0
 0.2549077571527637
 0
 0.3694335887300261
 0
 -0.1019677652131055
 0
 -0.07035736631773075
 0
 0
 0.1621257488654521
 0
 -0.111866143958571
 0
 -0.2843055096963062
 0
 -0.1195200732121626
 0
 -0.01352640448938228
 0
 -0.0321756105008886
 -0.6510794108076409
 0
 0.0736843881417289
 0
 0.1481148668853015
 0
 0.4762264789974884
 0
 -0.1314437865966925
 0
 -0.04088134493414376
 0
 0
 0.2089917562786843
 0
 -0.06500013654533887
 0
 -0.2745557637286669
 0
 0.1975474681168654
 0
 0.02235697224564745
 0
 -0.03107220582514923
 -0.4876707671593073
 0
 0.05519099743634434
 0
 0.06347476257733269
 0
 0.5608665833054572
 0
 -0.1548053935186737
 0
 -0.01751973801216258
 0
 0
 0.2461360244600147
 0
 -0.02785586836400843
 0
 -0.1548053935186738
 0
 0.560866583305457
 0
 0.06347476257733263
 0
 -0.01751973801216258
 -0.2461360244600149
 0
 0.02785586836400843
 0
 0.01239634221976329
 0
 0.6119450036630266
 0
 -0.1689036036797511
 0
 -0.003421527851085174
 0
 0
 0.2685517641327464
 0
 -0.005440128691276733
 0
 -0.03461050859289767
 0
 0.8280497882918353
 0
 0.09371259632597798
 0
 -0.00391696328682582
 -0.05244697950393767
 0
 0.005935564127017377
 0
 0.2155382219207006
 0
 0.004366218441812102
 0
 -0.006068265264674223
 0
 -0.299559704289142
 0
 0
 0.01077855928704682
 0
 -0.5320832053086049
 0
 0.7030891959881177
 0
 -0.02938745351232901
 0
 -0.009140018367394382
 0
 0.218673188629696
 -0.04453223124118792
 0
 0.01385031238976697
 0
 0.1975474681168652
 0
 0.02235697224564743
 0
 -0.03107220582514923
 0
 -0.2745557637286669
 0
 0
 0.05519099743634436
 0
 -0.4876707671593074
 0
 0.4762264789974884
 0
 -0.1314437865966925
 0
 -0.04088134493414377
 0
 0.1481148668853015
 -0.2089917562786843
 0
 0.0650001365453389
 0
 0.1677356754287628
 0
 0.05216876493374988
 0
 -0.0725052830881824
 0
 -0.2331226864656338
 0
 0
 0.1287851565981341
 0
 -0.4140766079975178
 0
 0.1677356754287628
 0
 -0.2331226864656338
 0
 -0.0725052830881824
 0
 0.05216876493374988
 -0.4140766079975178
 0
 0.1287851565981341
 0
 0.130121266381808
 0
 0.08978317398070461
 0
 -0.1247826061110203
 0
 -0.1808453634427959
 0
 0
 0.2216410554412454
 0
 -0.3212207091544063
 0
 -0.1014833568794585
 0
 -0.241401102993723
 0
 -0.07508001720347182
 0
 -0.03156312082208646
 -0.552825332415673
 0
 0.1719384665336969
 0
 0.08978317398070459
 0
 0.1301212663818081
 0
 -0.1808453634427959
 0
 -0.1247826061110203
 0
 0
 0.3212207091544064
 0
 -0.2216410554412453
 0
 -0.2414011029937229
 0
 -0.1014833568794585
 0
 -0.03156312082208645
 0
 -0.07508001720347182
 -0.552825332415673
 0
 0.1719384665336969
 0
 0.05216876493374987
 0
 0.1677356754287628
 0
 -0.2331226864656338
 0
 -0.07250528308818237
 0
 0
 0.4140766079975178
 0
 -0.128785156598134
 0
 -0.2331226864656338
 0
 0.1677356754287629
 0
 0.05216876493374992
 0
 -0.07250528308818238
 -0.4140766079975177
 0
 0.128785156598134
 0
 0.02235697224564744
 0
 0.1975474681168652
 0
 -0.2745557637286669
 0
 -0.03107220582514924
 0
 0
 0.4876707671593074
 0
 -0.05519099743634438
 0
 -0.1314437865966926
 0
 0.4762264789974882
 0
 0.1481148668853015
 0
 -0.04088134493414378
 -0.2089917562786844
 0
 0.06500013654533893
 0
 0.004366218441812115
 0
 0.2155382219207006
 0
 -0.299559704289142
 0
 -0.00606826526467424
 0
 0
 0.5320832053086049
 0
 -0.01077855928704685
 0
 -0.02938745351232909
 0
 0.7030891959881175
 0
 0.2186731886296959
 0
 -0.009140018367394406
 -0.04453223124118804
 0
 0.01385031238976701
 0
 -0.1304048303405322
 0
 -0.0026416473610128
 0
 -0.006283755349425431
 0
 -0.3101973648477693
 0
 0
 0.01439023723083488
 0
 -0.7103735617185348
 0
 0.5454227690530599
 0
 -0.02279737245512083
 0
 -0.01573009942460257
 0
 0.3763396155647536
 -0.03454596232494288
 0
 0.023836581306012
 0
 -0.1195200732121627
 0
 -0.01352640448938229
 0
 -0.03217561050088859
 0
 -0.2843055096963062
 0
 0
 0.0736843881417289
 0
 -0.6510794108076409
 0
 0.3694335887300261
 0
 -0.1019677652131055
 0
 -0.07035736631773075
 0
 0.2549077571527638
 -0.1621257488654521
 0
 0.111866143958571
 0
 -0.1014833568794585
 0
 -0.03156312082208646
 0
 -0.07508001720347182
 0
 -0.241401102993723
 0
 0
 0.1719384665336969
 0
 -0.552825332415673
 0
 0.130121266381808
 0
 -0.1808453634427959
 0
 -0.1247826061110203
 0
 0.08978317398070461
 -0.3212207091544063
 0
 0.2216410554412454
 0
 -0.07872590538701664
 0
 -0.05432057231452831
 0
