# Created by Octave 3.8.1, Mon Aug 17 16:45:50 2015 PDT <ataicher@ataicher-Inspiron-7548>
# name: basis
# type: matrix
# ndims: 3
 12 2 9
 0.5211088342345193
 0
 0.06618950038622251
 0
 -0.02110883423451917
 0
 -0.1661895003862225
 0
 0
 0.03381049961377748
 0
 -0.2661895003862225
 0
 0.5211088342345193
 0
 -0.1661895003862225
 0
 -0.02110883423451917
 0
 0.06618950038622251
 -0.2661895003862225
 0
 0.03381049961377748
 0
 0.2936491673103709
 0
 0.2936491673103709
 0
 -0.09364916731037083
 0
 -0.09364916731037083
 0
 0
 0.15
 0
 -0.15
 0
 -0.2218245836551854
 0
 -0.2218245836551854
 0
 -0.02817541634481457
 0
 -0.02817541634481457
 -0.6654737509655563
 0
 0.08452624903444372
 0
 0.06618950038622251
 0
 0.5211088342345193
 0
 -0.1661895003862225
 0
 -0.02110883423451917
 0
 0
 0.2661895003862225
 0
 -0.03381049961377748
 0
 -0.1661895003862225
 0
 0.5211088342345193
 0
 0.06618950038622251
 0
 -0.02110883423451917
 -0.2661895003862225
 0
 0.03381049961377748
 0
 -0.2218245836551854
 0
 -0.02817541634481457
 0
 -0.02817541634481457
 0
 -0.2218245836551854
 0
 0
 0.08452624903444372
 0
 -0.6654737509655563
 0
 0.2936491673103709
 0
 -0.09364916731037083
 0
 -0.09364916731037083
 0
 0.2936491673103709
 -0.15
 0
 0.15
 0
 -0.125
 0
 -0.125
 0
 -0.125
 0
 -0.125
 0
 0
 0.375
 0
 -0.375
 0
 -0.125
 0
 -0.125
 0
 -0.125
 0
 -0.125
 -0.375
 0
 0.375
 0
 -0.02817541634481457
 0
 -0.2218245836551854
 0
 -0.2218245836551854
 0
 -0.02817541634481457
 0
 0
 0.6654737509655563
 0
 -0.08452624903444372
 0
 -0.09364916731037083
 0
 0.2936491673103709
 0
 0.2936491673103709
 0
 -0.09364916731037083
 -0.15
 0
 0.15
 0
 -0.1661895003862225
 0
 -0.02110883423451917
 0
 0.06618950038622251
 0
 0.5211088342345193
 0
 0
 0.03381049961377748
 0
 -0.2661895003862225
 0
 0.06618950038622251
 0
 -0.02110883423451917
 0
 -0.1661895003862225
 0
 0.5211088342345193
 -0.03381049961377748
 0
 0.2661895003862225
 0
 -0.09364916731037083
 0
 -0.09364916731037083
 0
 0.2936491673103709
 0
 0.2936491673103709
 0
 0
 0.15
 0
 -0.15
 0
 -0.02817541634481457
 0
 -0.02817541634481457
 0
 -0.2218245836551854
 0
 -0.2218245836551854
 -0.08452624903444372
 0
 0.6654737509655563
 0
 -0.02110883423451917
 0
 -0.1661895003862225
 0
 0.5211088342345193
 0
 0.06618950038622251
 0
 0
 0.2661895003862225
 0
 -0.03381049961377748
 0
 -0.02110883423451917
 0
 0.06618950038622251
 0
 0.5211088342345193
 0
 -0.1661895003862225
 -0.03381049961377748
 0
 0.2661895003862225
 0


# name: basisDer
# type: matrix
# ndims: 4
 12 2 2 9
 -0.2936491673103709
 0
 0.2936491673103709
 0
 -0.09364916731037083
 0
 0.09364916731037083
 0
 0
 0.15
 0
 0.15
 -1.474596669241483
 0
 -0.1872983346207417
 0
 -0.07459666924148338
 0
 -0.5872983346207418
 0
 0
 0.1309475019311125
 0
 -1.030947501931113
 0
 -1.474596669241483
 0
 -0.5872983346207418
 0
 -0.07459666924148338
 0
 -0.1872983346207417
 -1.030947501931113
 0
 0.1309475019311125
 0
 0
 -0.7372983346207417
 0
 0.09364916731037083
 0
 -0.09364916731037083
 0
 0.5872983346207418
 0.15
 0
 0.15
 0
 -0.2936491673103709
 0
 0.2936491673103709
 0
 -0.09364916731037083
 0
 0.09364916731037083
 0
 0
 0.15
 0
 0.15
 -0.8309475019311126
 0
 -0.8309475019311126
 0
 -0.3309475019311126
 0
 -0.3309475019311126
 0
 0
 0.5809475019311126
 0
 -0.5809475019311126
 0
 -0.4436491673103709
 0
 0.4436491673103709
 0
 0.05635083268962915
 0
 -0.05635083268962915
 0
 0
 -0
 0
 0
 -0.125
 0
 0.125
 0
 -0.125
 0
 -0.25
 0.375
 0
 0.375
 0
 -0.2936491673103709
 0
 0.2936491673103709
 0
 -0.09364916731037083
 0
 0.09364916731037083
 0
 0
 0.15
 0
 0.15
 -0.1872983346207417
 0
 -1.474596669241483
 0
 -0.5872983346207418
 0
 -0.07459666924148338
 0
 0
 1.030947501931113
 0
 -0.1309475019311125
 0
 0.5872983346207418
 0
 1.474596669241483
 0
 0.1872983346207417
 0
 0.07459666924148338
 1.030947501931113
 0
 -0.1309475019311125
 0
 0
 0.03729833462074169
 0
 -0.2936491673103709
 0
 0.2936491673103709
 0
 -0.1872983346207417
 0.15
 0
 0.15
 0
 0.125
 0
 -0.125
 0
 -0.125
 0
 0.125
 0
 0
 0.375
 0
 0.375
 -0.4436491673103709
 0
 -0.05635083268962915
 0
 0.05635083268962915
 0
 0.4436491673103709
 0
 0
 -0
 0
 0
 0
 -0.8309475019311126
 0
 -0.3309475019311126
 0
 -0.3309475019311126
 0
 -0.8309475019311126
 -0.5809475019311126
 0
 0.5809475019311126
 0
 0
 -0.7372983346207417
 0
 0.09364916731037083
 0
 -0.09364916731037083
 0
 0.5872983346207418
 0.15
 0
 0.15
 0
 0.125
 0
 -0.125
 0
 -0.125
 0
 0.125
 0
 0
 0.375
 0
 0.375
 -0.25
 0
 -0.25
 0
 0.25
 0
 0.25
 0
 0
 -0
 0
 0
 0
 -0.25
 0
 0.25
 0
 0.25
 0
 -0.25
 0
 0
 -0
 0
 0
 -0.125
 0
 0.125
 0
 -0.125
 0
 -0.25
 0.375
 0
 0.375
 0
 0.125
 0
 -0.125
 0
 -0.125
 0
 0.125
 0
 0
 0.375
 0
 0.375
 -0.05635083268962915
 0
 -0.4436491673103709
 0
 0.4436491673103709
 0
 0.05635083268962915
 0
 0
 -0
 0
 0
 0
 0.3309475019311126
 0
 0.8309475019311126
 0
 0.8309475019311126
 0
 0.3309475019311126
 0.5809475019311126
 0
 -0.5809475019311126
 0
 0
 0.03729833462074169
 0
 -0.2936491673103709
 0
 0.2936491673103709
 0
 -0.1872983346207417
 0.15
 0
 0.15
 0
 0.09364916731037083
 0
 -0.09364916731037083
 0
 0.2936491673103709
 0
 -0.2936491673103709
 0
 0
 0.15
 0
 0.15
 0.5872983346207418
 0
 0.07459666924148338
 0
 0.1872983346207417
 0
 1.474596669241483
 0
 0
 -0.1309475019311125
 0
 1.030947501931113
 0
 -0.1872983346207417
 0
 -0.07459666924148338
 0
 -0.5872983346207418
 0
 -1.474596669241483
 -0.1309475019311125
 0
 1.030947501931113
 0
 0
 -0.7372983346207417
 0
 0.09364916731037083
 0
 -0.09364916731037083
 0
 0.5872983346207418
 0.15
 0
 0.15
 0
 0.09364916731037083
 0
 -0.09364916731037083
 0
 0.2936491673103709
 0
 -0.2936491673103709
 0
 0
 0.15
 0
 0.15
 0.3309475019311126
 0
 0.3309475019311126
 0
 0.8309475019311126
 0
 0.8309475019311126
 0
 0
 -0.5809475019311126
 0
 0.5809475019311126
 0
 -0.05635083268962915
 0
 0.05635083268962915
 0
 0.4436491673103709
 0
 -0.4436491673103709
 0
 0
 -0
 0
 0
 -0.125
 0
 0.125
 0
 -0.125
 0
 -0.25
 0.375
 0
 0.375
 0
 0.09364916731037083
 0
 -0.09364916731037083
 0
 0.2936491673103709
 0
 -0.2936491673103709
 0
 0
 0.15
 0
 0.15
 0.07459666924148338
 0
 0.5872983346207418
 0
 1.474596669241483
 0
 0.1872983346207417
 0
 0
 -1.030947501931113
 0
 0.1309475019311125
 0
 0.07459666924148338
 0
 0.1872983346207417
 0
 1.474596669241483
 0
 0.5872983346207418
 0.1309475019311125
 0
 -1.030947501931113
 0
 0
 0.03729833462074169
 0
 -0.2936491673103709
 0
 0.2936491673103709
 0
 -0.1872983346207417
 0.15
 0
 0.15
 0


