# Created by Octave 3.8.1, Mon Aug 17 16:45:50 2015 PDT <ataicher@ataicher-Inspiron-7548>
# name: basis
# type: matrix
# ndims: 3
 12 2 16
 0.6855820987673309
 0
 0.051152867389053
 0
 -0.008637414835068524
 0
 -0.1157639306026005
 0
 0
 0.01345819582449451
 0
 -0.180374993816148
 0
 0.6855820987673309
 0
 -0.1157639306026005
 0
 -0.008637414835068524
 0
 0.051152867389053
 -0.180374993816148
 0
 0.01345819582449451
 0
 0.4936054443978426
 0
 0.2431295217585414
 0
 -0.04105362309620506
 0
 -0.08334772234146397
 0
 0
 0.06396678977261777
 0
 -0.1298663998680248
 0
 0.006216990255993165
 0
 -0.3101585424787149
 0
 -0.02314164681592717
 0
 0.0004638640342209107
 -0.6172548540098741
 0
 0.04605481349233988
 0
 0.2431295217585414
 0
 0.4936054443978426
 0
 -0.08334772234146397
 0
 -0.04105362309620506
 0
 0
 0.1298663998680248
 0
 -0.06396678977261777
 0
 -0.3101585424787149
 0
 0.006216990255993165
 0
 0.0004638640342209107
 0
 -0.02314164681592717
 -0.6172548540098741
 0
 0.04605481349233988
 0
 0.05115286738905304
 0
 0.6855820987673309
 0
 -0.1157639306026005
 0
 -0.008637414835068531
 0
 0
 0.180374993816148
 0
 -0.01345819582449452
 0
 -0.1157639306026006
 0
 0.6855820987673308
 0
 0.05115286738905299
 0
 -0.008637414835068529
 -0.1803749938161482
 0
 0.01345819582449452
 0
 0.006216990255993165
 0
 0.0004638640342209107
 0
 -0.02314164681592717
 0
 -0.3101585424787149
 0
 0
 0.04605481349233988
 0
 -0.6172548540098741
 0
 0.4936054443978426
 0
 -0.08334772234146397
 0
 -0.04105362309620506
 0
 0.2431295217585414
 -0.1298663998680248
 0
 0.06396678977261777
 0
 0.004476109051919711
 0
 0.002204745238294365
 0
 -0.1099922215556098
 0
 -0.2233079677390324
 0
 0
 0.2188984772624437
 0
 -0.4444111902397704
 0
 0.004476109051919711
 0
 -0.2233079677390324
 0
 -0.1099922215556098
 0
 0.002204745238294365
 -0.4444111902397704
 0
 0.2188984772624437
 0
 0.002204745238294365
 0
 0.004476109051919711
 0
 -0.2233079677390324
 0
 -0.1099922215556098
 0
 0
 0.4444111902397704
 0
 -0.2188984772624437
 0
 -0.2233079677390324
 0
 0.004476109051919711
 0
 0.002204745238294365
 0
 -0.1099922215556098
 -0.4444111902397704
 0
 0.2188984772624437
 0
 0.0004638640342209112
 0
 0.006216990255993165
 0
 -0.3101585424787149
 0
 -0.02314164681592719
 0
 0
 0.6172548540098741
 0
 -0.04605481349233991
 0
 -0.08334772234146404
 0
 0.4936054443978425
 0
 0.2431295217585413
 0
 -0.04105362309620508
 -0.1298663998680249
 0
 0.06396678977261783
 0
 -0.3101585424787149
 0
 -0.02314164681592717
 0
 0.0004638640342209107
 0
 0.006216990255993165
 0
 0
 0.04605481349233988
 0
 -0.6172548540098741
 0
 0.2431295217585414
 0
 -0.04105362309620506
 0
 -0.08334772234146397
 0
 0.4936054443978426
 -0.06396678977261777
 0
 0.1298663998680248
 0
 -0.2233079677390324
 0
 -0.1099922215556098
 0
 0.002204745238294365
 0
 0.004476109051919711
 0
 0
 0.2188984772624437
 0
 -0.4444111902397704
 0
 0.002204745238294365
 0
 -0.1099922215556098
 0
 -0.2233079677390324
 0
 0.004476109051919711
 -0.2188984772624437
 0
 0.4444111902397704
 0
 -0.1099922215556098
 0
 -0.2233079677390324
 0
 0.004476109051919711
 0
 0.002204745238294365
 0
 0
 0.4444111902397704
 0
 -0.2188984772624437
 0
 -0.1099922215556098
 0
 0.002204745238294365
 0
 0.004476109051919711
 0
 -0.2233079677390324
 -0.2188984772624437
 0
 0.4444111902397704
 0
 -0.02314164681592719
 0
 -0.3101585424787149
 0
 0.006216990255993165
 0
 0.0004638640342209112
 0
 0
 0.6172548540098741
 0
 -0.04605481349233991
 0
 -0.04105362309620508
 0
 0.2431295217585413
 0
 0.4936054443978425
 0
 -0.08334772234146404
 -0.06396678977261783
 0
 0.1298663998680249
 0
 -0.1157639306026006
 0
 -0.008637414835068529
 0
 0.05115286738905299
 0
 0.6855820987673308
 0
 0
 0.01345819582449452
 0
 -0.1803749938161482
 0
 0.05115286738905304
 0
 -0.008637414835068531
 0
 -0.1157639306026005
 0
 0.6855820987673309
 -0.01345819582449452
 0
 0.180374993816148
 0
 -0.08334772234146404
 0
 -0.04105362309620508
 0
 0.2431295217585413
 0
 0.4936054443978425
 0
 0
 0.06396678977261783
 0
 -0.1298663998680249
 0
 0.0004638640342209112
 0
 -0.02314164681592719
 0
 -0.3101585424787149
 0
 0.006216990255993165
 -0.04605481349233991
 0
 0.6172548540098741
 0
 -0.04105362309620508
 0
 -0.08334772234146404
 0
 0.4936054443978425
 0
 0.2431295217585413
 0
 0
 0.1298663998680249
 0
 -0.06396678977261783
 0
 -0.02314164681592719
 0
 0.0004638640342209112
 0
 0.006216990255993165
 0
 -0.3101585424787149
 -0.04605481349233991
 0
 0.6172548540098741
 0
 -0.008637414835068536
 0
 -0.1157639306026006
 0
 0.6855820987673308
 0
 0.05115286738905302
 0
 0
 0.1803749938161482
 0
 -0.01345819582449453
 0
 -0.008637414835068536
 0
 0.05115286738905302
 0
 0.6855820987673308
 0
 -0.1157639306026006
 -0.01345819582449453
 0
 0.1803749938161482
 0


