# Created by Octave 3.8.1, Mon Aug 17 16:45:51 2015 PDT <ataicher@ataicher-Inspiron-7548>
# name: basis
# type: matrix
# ndims: 3
 12 2 81
 0.92216259255153
 0
 0.01491821422488077
 0
 -0.0004947808472003713
 0
 -0.03058465188401484
 0
 0
 0.0007482234342533072
 0
 -0.04625108954314895
 0
 0.92216259255153
 0
 -0.03058465188401484
 0
 -0.0004947808472003713
 0
 0.01491821422488077
 -0.04625108954314895
 0
 0.0007482234342533072
 0
 0.860254755660116
 0
 0.07682605111629486
 0
 -0.002548030084926817
 0
 -0.02853140264628841
 0
 0
 0.003853212652656734
 0
 -0.04314610032474553
 0
 0.6812063989908523
 0
 -0.1415151932250574
 0
 -0.002289351124908954
 0
 0.01102016398581823
 -0.222194456994009
 0
 0.003594533692638869
 0
 0.7559297018925414
 0
 0.1811511048838693
 0
 -0.00600809827467406
 0
 -0.02507133445654116
 0
 0
 0.009085638520254796
 0
 -0.03791367445714746
 0
 0.3334595854623793
 0
 -0.2701470474831854
 0
 -0.004370283027228732
 0
 0.00539451672779682
 -0.4603837908873095
 0
 0.007447823272809462
 0
 0.6204662331898325
 0
 0.3166145735865782
 0
 -0.01050091013533515
 0
 -0.02057852259588007
 0
 0
 0.01587981242342626
 0
 -0.031119500553976
 0
 -0.008874509660635398
 0
 -0.3279658573944394
 0
 -0.005305642365647731
 0
 -0.0001435666956429214
 -0.6604602434044439
 0
 0.01068454465373883
 0
 0.4685404033882054
 0
 0.4685404033882054
 0
 -0.01553971636560761
 0
 -0.01553971636560761
 0
 0
 0.02349965648870113
 0
 -0.02349965648870113
 0
 -0.2460200299384532
 0
 -0.2460200299384532
 0
 -0.003979970061546753
 0
 -0.003979970061546753
 -0.7380600898153598
 0
 0.01193991018464026
 0
 0.3166145735865782
 0
 0.6204662331898325
 0
 -0.02057852259588007
 0
 -0.01050091013533515
 0
 0
 0.031119500553976
 0
 -0.01587981242342626
 0
 -0.3279658573944394
 0
 -0.008874509660635398
 0
 -0.0001435666956429214
 0
 -0.005305642365647731
 -0.6604602434044439
 0
 0.01068454465373883
 0
 0.1811511048838691
 0
 0.7559297018925416
 0
 -0.02507133445654117
 0
 -0.006008098274674053
 0
 0
 0.03791367445714747
 0
 -0.009085638520254782
 0
 -0.2701470474831851
 0
 0.3334595854623801
 0
 0.005394516727796833
 0
 -0.004370283027228729
 -0.460383790887309
 0
 0.007447823272809454
 0
 0.07682605111629585
 0
 0.8602547556601149
 0
 -0.02853140264628837
 0
 -0.00254803008492685
 0
 0
 0.04314610032474547
 0
 -0.003853212652656784
 0
 -0.141515193225059
 0
 0.6812063989908487
 0
 0.01102016398581817
 0
 -0.002289351124908979
 -0.2221944569940117
 0
 0.003594533692638912
 0
 0.0149182142248803
 0
 0.9221625925515304
 0
 -0.03058465188401487
 0
 -0.0004947808472003558
 0
 0
 0.04625108954314897
 0
 -0.0007482234342532836
 0
 -0.03058465188401391
 0
 0.9221625925515318
 0
 0.0149182142248808
 0
 -0.0004947808472003561
 -0.04625108954314747
 0
 0.0007482234342532833
 0
 0.6812063989908523
 0
 0.01102016398581823
 0
 -0.002289351124908954
 0
 -0.1415151932250574
 0
 0
 0.003594533692638869
 0
 -0.222194456994009
 0
 0.860254755660116
 0
 -0.02853140264628841
 0
 -0.002548030084926817
 0
 0.07682605111629486
 -0.04314610032474553
 0
 0.003853212652656734
 0
 0.6354747514714842
 0
 0.05675181150518633
 0
 -0.01178973594923075
 0
 -0.1320148084007356
 0
 0
 0.01851118539036296
 0
 -0.207277805296285
 0
 0.6354747514714842
 0
 -0.1320148084007356
 0
 -0.01178973594923075
 0
 0.05675181150518633
 -0.207277805296285
 0
 0.01851118539036296
 0
 0.5584092808315382
 0
 0.1338172821451324
 0
 -0.02779947247658596
 0
 -0.1160050718733804
 0
 0
 0.04364823699057923
 0
 -0.1821407536960687
 0
 0.3110733362332013
 0
 -0.252011179158694
 0
 -0.0225061513517201
 0
 0.02778076595697489
 -0.4294766982944057
 0
 0.03835491586571336
 0
 0.4583416978964541
 0
 0.2338848650802164
 0
 -0.04858771427173247
 0
 -0.09521683007823391
 0
 0
 0.0762880687448058
 0
 -0.1495009219418421
 0
 -0.008278734359186924
 0
 -0.3059484203724609
 0
 -0.02732307938762623
 0
 -0.0007393419970913961
 -0.6161213541974833
 0
 0.05502343386069956
 0
 0.3461132814883353
 0
 0.3461132814883353
 0
 -0.07190227217498318
 0
 -0.07190227217498318
 0
 0
 0.112894495343324
 0
 -0.112894495343324
 0
 -0.2295038884158296
 0
 -0.2295038884158296
 0
 -0.02049611158417038
 0
 -0.02049611158417038
 -0.688511665247489
 0
 0.06148833475251113
 0
 0.2338848650802164
 0
 0.4583416978964541
 0
 -0.09521683007823391
 0
 -0.04858771427173247
 0
 0
 0.1495009219418421
 0
 -0.0762880687448058
 0
 -0.3059484203724609
 0
 -0.008278734359186924
 0
 -0.0007393419970913961
 0
 -0.02732307938762623
 -0.6161213541974833
 0
 0.05502343386069956
 0
 0.1338172821451322
 0
 0.5584092808315384
 0
 -0.1160050718733804
 0
 -0.02779947247658593
 0
 0
 0.1821407536960687
 0
 -0.04364823699057916
 0
 -0.2520111791586938
 0
 0.311073336233202
 0
 0.02778076595697495
 0
 -0.02250615135172009
 -0.4294766982944052
 0
 0.03835491586571332
 0
 0.05675181150518707
 0
 0.6354747514714836
 0
 -0.1320148084007355
 0
 -0.0117897359492309
 0
 0
 0.2072778052962847
 0
 -0.0185111853903632
 0
 -0.1320148084007371
 0
 0.6354747514714809
 0
 0.05675181150518602
 0
 -0.01178973594923088
 -0.2072778052962874
 0
 0.01851118539036318
 0
 0.01102016398581788
 0
 0.6812063989908527
 0
 -0.1415151932250575
 0
 -0.002289351124908882
 0
 0
 0.2221944569940091
 0
 -0.003594533692638756
 0
 -0.02853140264628753
 0
 0.8602547556601176
 0
 0.07682605111629501
 0
 -0.002548030084926739
 -0.04314610032474415
 0
 0.003853212652656611
 0
 0.3334595854623793
 0
 0.00539451672779682
 0
 -0.004370283027228732
 0
 -0.2701470474831854
 0
 0
 0.007447823272809462
 0
 -0.4603837908873095
 0
 0.7559297018925414
 0
 -0.02507133445654116
 0
 -0.00600809827467406
 0
 0.1811511048838693
 -0.03791367445714746
 0
 0.009085638520254796
 0
 0.3110733362332013
 0
 0.02778076595697489
 0
 -0.0225061513517201
 0
 -0.252011179158694
 0
 0
 0.03835491586571336
 0
 -0.4294766982944057
 0
 0.5584092808315382
 0
 -0.1160050718733804
 0
 -0.02779947247658596
 0
 0.1338172821451324
 -0.1821407536960687
 0
 0.04364823699057923
 0
 0.2733487641635184
 0
 0.0655053380266578
 0
 -0.05306812109704997
 0
 -0.2214492094133641
 0
 0
 0.09043853336004853
 0
 -0.3773930808000704
 0
 0.2733487641635184
 0
 -0.2214492094133641
 0
 -0.05306812109704997
 0
 0.0655053380266578
 -0.3773930808000704
 0
 0.09043853336004853
 0
 0.2243643524298824
 0
 0.1144897497602937
 0
 -0.09275207315436873
 0
 -0.1817652573560453
 0
 0
 0.1580678058460853
 0
 -0.3097638083140337
 0
 -0.007274753385566036
 0
 -0.2688453585231031
 0
 -0.06442614123698404
 0
 -0.001743322970712284
 -0.5414029141294822
 0
 0.1297418739287006
 0
 0.1694270510950881
 0
 0.1694270510950881
 0
 -0.1372586652552071
 0
 -0.1372586652552071
 0
 0
 0.2339158070800595
 0
 -0.2339158070800595
 0
 -0.2016714290875738
 0
 -0.2016714290875738
 0
 -0.04832857091242622
 0
 -0.04832857091242622
 -0.6050142872627213
 0
 0.1449857127372787
 0
 0.1144897497602937
 0
 0.2243643524298824
 0
 -0.1817652573560453
 0
 -0.09275207315436873
 0
 0
 0.3097638083140337
 0
 -0.1580678058460853
 0
 -0.2688453585231031
 0
 -0.007274753385566036
 0
 -0.001743322970712284
 0
 -0.06442614123698404
 -0.5414029141294822
 0
 0.1297418739287006
 0
 0.06550533802665769
 0
 0.2733487641635184
 0
 -0.2214492094133642
 0
 -0.0530681210970499
 0
 0
 0.3773930808000706
 0
 -0.0904385333600484
 0
 -0.2214492094133639
 0
 0.2733487641635191
 0
 0.06550533802665795
 0
 -0.05306812109704993
 -0.37739308080007
 0
 0.09043853336004844
 0
 0.02778076595697524
 0
 0.3110733362332009
 0
 -0.2520111791586937
 0
 -0.02250615135172039
 0
 0
 0.4294766982944051
 0
 -0.03835491586571385
 0
 -0.1160050718733817
 0
 0.5584092808315352
 0
 0.1338172821451317
 0
 -0.02779947247658627
 -0.1821407536960708
 0
 0.04364823699057974
 0
 0.005394516727796651
 0
 0.3334595854623795
 0
 -0.2701470474831855
 0
 -0.004370283027228595
 0
 0
 0.4603837908873097
 0
 -0.007447823272809228
 0
 -0.02507133445654039
 0
 0.7559297018925429
 0
 0.1811511048838697
 0
 -0.006008098274673876
 -0.03791367445714625
 0
 0.009085638520254506
 0
