# Created by Octave 3.8.1, Mon Aug 17 16:45:50 2015 PDT <ataicher@ataicher-Inspiron-7548>
# name: basis
# type: matrix
# ndims: 3
 12 2 4
 0.2276709006307397
 0
 0.0610042339640731
 0
 -0.06100423396407311
 0
 -0.2276709006307398
 0
 0
 0.1056624327025936
 0
 -0.3943375672974064
 0
 0.2276709006307397
 0
 -0.2276709006307398
 0
 -0.06100423396407311
 0
 0.0610042339640731
 -0.3943375672974064
 0
 0.1056624327025936
 0
 0.0610042339640731
 0
 0.2276709006307397
 0
 -0.2276709006307398
 0
 -0.06100423396407311
 0
 0
 0.3943375672974064
 0
 -0.1056624327025936
 0
 -0.2276709006307398
 0
 0.2276709006307397
 0
 0.0610042339640731
 0
 -0.06100423396407311
 -0.3943375672974064
 0
 0.1056624327025936
 0
 -0.2276709006307398
 0
 -0.06100423396407311
 0
 0.0610042339640731
 0
 0.2276709006307397
 0
 0
 0.1056624327025936
 0
 -0.3943375672974064
 0
 0.0610042339640731
 0
 -0.06100423396407311
 0
 -0.2276709006307398
 0
 0.2276709006307397
 -0.1056624327025936
 0
 0.3943375672974064
 0
 -0.06100423396407311
 0
 -0.2276709006307398
 0
 0.2276709006307397
 0
 0.0610042339640731
 0
 0
 0.3943375672974064
 0
 -0.1056624327025936
 0
 -0.06100423396407311
 0
 0.0610042339640731
 0
 0.2276709006307397
 0
 -0.2276709006307398
 -0.1056624327025936
 0
 0.3943375672974064
 0


# name: basisDer
# type: matrix
# ndims: 4
 12 2 2 4
 -0.1443375672974064
 0
 0.1443375672974064
 0
 -0.1443375672974065
 0
 0.1443375672974065
 0
 0
 0.25
 0
 0.25
 -1.077350269189626
 0
 -0.2886751345948129
 0
 -0.07735026918962576
 0
 -0.2886751345948128
 0
 0
 0.1830127018922193
 0
 -0.6830127018922192
 0
 -1.077350269189626
 0
 -0.2886751345948128
 0
 -0.07735026918962576
 0
 -0.2886751345948129
 -0.6830127018922192
 0
 0.1830127018922193
 0
 0
 -0.5386751345948129
 0
 0.1443375672974065
 0
 -0.1443375672974065
 0
 0.2886751345948128
 0.25
 0
 0.25
 0
 -0.1443375672974064
 0
 0.1443375672974064
 0
 -0.1443375672974065
 0
 0.1443375672974065
 0
 0
 0.25
 0
 0.25
 -0.2886751345948129
 0
 -1.077350269189626
 0
 -0.2886751345948128
 0
 -0.07735026918962576
 0
 0
 0.6830127018922192
 0
 -0.1830127018922193
 0
 0.2886751345948128
 0
 1.077350269189626
 0
 0.2886751345948129
 0
 0.07735026918962576
 0.6830127018922192
 0
 -0.1830127018922193
 0
 0
 0.03867513459481288
 0
 -0.1443375672974064
 0
 0.1443375672974064
 0
 -0.2886751345948129
 0.25
 0
 0.25
 0
 0.1443375672974065
 0
 -0.1443375672974065
 0
 0.1443375672974064
 0
 -0.1443375672974064
 0
 0
 0.25
 0
 0.25
 0.2886751345948128
 0
 0.07735026918962576
 0
 0.2886751345948129
 0
 1.077350269189626
 0
 0
 -0.1830127018922193
 0
 0.6830127018922192
 0
 -0.2886751345948129
 0
 -0.07735026918962576
 0
 -0.2886751345948128
 0
 -1.077350269189626
 -0.1830127018922193
 0
 0.6830127018922192
 0
 0
 -0.5386751345948129
 0
 0.1443375672974065
 0
 -0.1443375672974065
 0
 0.2886751345948128
 0.25
 0
 0.25
 0
 0.1443375672974065
 0
 -0.1443375672974065
 0
 0.1443375672974064
 0
 -0.1443375672974064
 0
 0
 0.25
 0
 0.25
 0.07735026918962576
 0
 0.2886751345948128
 0
 1.077350269189626
 0
 0.2886751345948129
 0
 0
 -0.6830127018922192
 0
 0.1830127018922193
 0
 0.07735026918962576
 0
 0.2886751345948129
 0
 1.077350269189626
 0
 0.2886751345948128
 0.1830127018922193
 0
 -0.6830127018922192
 0
 0
 0.03867513459481288
 0
 -0.1443375672974064
 0
 0.1443375672974064
 0
 -0.2886751345948129
 0.25
 0
 0.25
 0


# name: edgeBasis
# type: matrix
# ndims: 4
 12 2 2 4
 0.7886751345948129
 0
 0.2113248654051871
 0
 0
 0
 0
 0
 0
 0
 0
 -0
 0
 0.2886751345948128
 0
 -0.2886751345948129
 0
 -0
 0
 0
 -0.5
 0
 0
 0
 0.2113248654051871
 0
 0.7886751345948129
 0
 0
 0
 0
 0
 0
 0
 0
 -0
 0
 -0.2886751345948129
 0
 0.2886751345948128
 0
 0
 0
 -0
 -0.5
 0
 0
 0
 0
 0
 0.2886751345948128
 0
 -0.2886751345948129
 0
 -0
 0
 0
 0.5
 0
 -0
 0
 0
 0
 0.7886751345948129
 0
 0.2113248654051871
 0
 0
 -0
 0
 0
 0
 -0
 0
 -0.2886751345948129
 0
 0.2886751345948128
 0
 0
 0
 0
 0.5
 0
 -0
 0
 0
 0
 0.2113248654051871
 0
 0.7886751345948129
 0
 0
 -0
 0
 0
 0
 0
 0
 0
 0
 0.7886751345948129
 0
 0.2113248654051871
 0
 0
 0
 0
 -0
 0
 -0
 0
 0
 0
 0.2886751345948128
 0
 -0.2886751345948129
 -0
 0
 0.5
 0
 0
 0
 0
 0
 0.2113248654051871
 0
 0.7886751345948129
 0
 0
 0
 0
 -0
 0
 0
 0
 -0
 0
 -0.2886751345948129
 0
 0.2886751345948128
 -0
 0
 0.5
 0
 -0.2886751345948129
 0
 -0
 0
 0
 0
 0.2886751345948128
 0
 0
 0
 0
 -0.5
 0
 0.2113248654051871
 0
 0
 0
 0
 0
 0.7886751345948129
 -0
 0
 0
 0
 0.2886751345948128
 0
 0
 0
 -0
 0
 -0.2886751345948129
 0
 0
 0
 0
 -0.5
 0
 0.7886751345948129
 0
 0
 0
 0
 0
 0.2113248654051871
 -0
 0
 0
 0


