# Created by Octave 3.8.1, Mon Aug 17 16:45:50 2015 PDT <ataicher@ataicher-Inspiron-7548>
# name: basis
# type: matrix
# ndims: 3
 12 2 49
 0.8772528598549332
 0
 0.02290546827016908
 0
 -0.001245573265395242
 0
 -0.04770401095226149
 0
 0
 0.001893074411923318
 0
 -0.07250255363435393
 0
 0.8772528598549332
 0
 -0.04770401095226149
 0
 -0.001245573265395242
 0
 0.02290546827016908
 -0.07250255363435393
 0
 0.001893074411923318
 0
 0.7838269002034387
 0
 0.1163314279216636
 0
 -0.006325970499070184
 0
 -0.04262361371858655
 0
 0
 0.009614474888854889
 0
 -0.06478115315742236
 0
 0.5195999771963787
 0
 -0.2030621733539639
 0
 -0.00530204503340114
 0
 0.01356699001564994
 -0.3290080761644823
 0
 0.00859054942318584
 0
 0.6327416105333294
 0
 0.2674167175917727
 0
 -0.01454181640049059
 0
 -0.03440776781716614
 0
 0
 0.02210126156000966
 0
 -0.05229436648626758
 0
 0.07450980617892383
 0
 -0.3210081916888911
 0
 -0.008381668827400747
 0
 0.001945484682181616
 -0.6105261708406734
 0
 0.01594111398691981
 0
 0.4500791640625511
 0
 0.4500791640625511
 0
 -0.02447479210882837
 0
 -0.02447479210882837
 0
 0
 0.03719781402313863
 0
 -0.03719781402313863
 0
 -0.2436384890428449
 0
 -0.2436384890428449
 0
 -0.00636151095715512
 0
 -0.00636151095715512
 -0.7309154671285346
 0
 0.01908453287146536
 0
 0.2674167175917727
 0
 0.6327416105333294
 0
 -0.03440776781716614
 0
 -0.01454181640049059
 0
 0
 0.05229436648626758
 0
 -0.02210126156000967
 0
 -0.3210081916888911
 0
 0.07450980617892368
 0
 0.001945484682181612
 0
 -0.008381668827400747
 -0.6105261708406734
 0
 0.01594111398691981
 0
 0.1163314279216632
 0
 0.7838269002034389
 0
 -0.04262361371858656
 0
 -0.006325970499070165
 0
 0
 0.06478115315742239
 0
 -0.009614474888854859
 0
 -0.2030621733539634
 0
 0.5195999771963798
 0
 0.01356699001564997
 0
 -0.005302045033401127
 -0.3290080761644815
 0
 0.008590549423185819
 0
 0.02290546827016908
 0
 0.8772528598549332
 0
 -0.04770401095226149
 0
 -0.001245573265395242
 0
 0
 0.07250255363435393
 0
 -0.001893074411923318
 0
 -0.04770401095226149
 0
 0.8772528598549332
 0
 0.02290546827016908
 0
 -0.001245573265395242
 -0.07250255363435393
 0
 0.001893074411923318
 0
 0.5195999771963787
 0
 0.01356699001564994
 0
 -0.00530204503340114
 0
 -0.2030621733539639
 0
 0
 0.00859054942318584
 0
 -0.3290080761644823
 0
 0.7838269002034387
 0
 -0.04262361371858655
 0
 -0.006325970499070184
 0
 0.1163314279216636
 -0.06478115315742236
 0
 0.009614474888854889
 0
 0.4642634502655987
 0
 0.06890351694642999
 0
 -0.02692782624504562
 0
 -0.1814363921423194
 0
 0
 0.0436293582494594
 0
 -0.2939692673382088
 0
 0.4642634502655987
 0
 -0.1814363921423194
 0
 -0.02692782624504562
 0
 0.06890351694642999
 -0.2939692673382088
 0
 0.0436293582494594
 0
 0.3747750978648111
 0
 0.1583918693472176
 0
 -0.0619003053171559
 0
 -0.1464639130702091
 0
 0
 0.1002929301406199
 0
 -0.2373056954470483
 0
 0.06657463666934374
 0
 -0.2868213571546783
 0
 -0.04256850336161351
 0
 0.009880654191761718
 -0.5455061566425158
 0
 0.08096112818507747
 0
 0.2665834836060143
 0
 0.2665834836060143
 0
 -0.1041821091936825
 0
 -0.1041821091936825
 0
 0
 0.1687993127938341
 0
 -0.1687993127938341
 0
 -0.2176913981999242
 0
 -0.2176913981999242
 0
 -0.03230860180007579
 0
 -0.03230860180007579
 -0.6530741945997727
 0
 0.09692580540022737
 0
 0.1583918693472176
 0
 0.3747750978648111
 0
 -0.1464639130702091
 0
 -0.06190030531715592
 0
 0
 0.2373056954470483
 0
 -0.1002929301406199
 0
 -0.2868213571546783
 0
 0.0665746366693436
 0
 0.009880654191761698
 0
 -0.04256850336161352
 -0.5455061566425158
 0
 0.08096112818507749
 0
 0.06890351694642979
 0
 0.4642634502655988
 0
 -0.1814363921423195
 0
 -0.02692782624504554
 0
 0
 0.2939692673382089
 0
 -0.04362935824945927
 0
 -0.181436392142319
 0
 0.4642634502655997
 0
 0.06890351694643014
 0
 -0.02692782624504556
 -0.2939692673382081
 0
 0.04362935824945929
 0
 0.01356699001564994
 0
 0.5195999771963787
 0
 -0.2030621733539639
 0
 -0.00530204503340114
 0
 0
 0.3290080761644823
 0
 -0.00859054942318584
 0
 -0.04262361371858655
 0
 0.7838269002034387
 0
 0.1163314279216636
 0
 -0.006325970499070184
 -0.06478115315742236
 0
 0.009614474888854889
 0
 0.07450980617892383
 0
 0.001945484682181616
 0
 -0.008381668827400747
 0
 -0.3210081916888911
 0
 0
 0.01594111398691981
 0
 -0.6105261708406734
 0
 0.6327416105333294
 0
 -0.03440776781716614
 0
 -0.01454181640049059
 0
 0.2674167175917727
 -0.05229436648626758
 0
 0.02210126156000966
 0
 0.06657463666934374
 0
 0.009880654191761718
 0
 -0.04256850336161351
 0
 -0.2868213571546783
 0
 0
 0.08096112818507747
 0
 -0.5455061566425158
 0
 0.3747750978648111
 0
 -0.1464639130702091
 0
 -0.0619003053171559
 0
 0.1583918693472176
 -0.2373056954470483
 0
 0.1002929301406199
 0
 0.05374214997711686
 0
 0.02271314088398859
 0
 -0.09785429135643881
 0
 -0.231535569159853
 0
 0
 0.1861092873918758
 0
 -0.4403579974357174
 0
 0.05374214997711686
 0
 -0.231535569159853
 0
 -0.09785429135643881
 0
 0.02271314088398859
 -0.4403579974357174
 0
 0.1861092873918758
 0
 0.03822764543055272
 0
 0.03822764543055272
 0
 -0.1646949302581459
 0
 -0.1646949302581459
 0
 0
 0.3132336424137966
 0
 -0.3132336424137966
 0
 -0.1757306439221746
 0
 -0.1757306439221746
 0
 -0.07426935607782535
 0
 -0.07426935607782535
 -0.5271919317665239
 0
 0.222808068233476
 0
 0.02271314088398859
 0
 0.05374214997711686
 0
 -0.231535569159853
 0
 -0.09785429135643882
 0
 0
 0.4403579974357174
 0
 -0.1861092873918758
 0
 -0.231535569159853
 0
 0.05374214997711675
 0
 0.02271314088398854
 0
 -0.09785429135643879
 -0.4403579974357174
 0
 0.1861092873918758
 0
 0.009880654191761689
 0
 0.06657463666934377
 0
 -0.2868213571546784
 0
 -0.04256850336161339
 0
 0
 0.5455061566425159
 0
 -0.08096112818507724
 0
 -0.1464639130702088
 0
 0.3747750978648119
 0
 0.1583918693472179
 0
 -0.06190030531715576
 -0.2373056954470477
 0
 0.1002929301406196
 0
 0.001945484682181616
 0
 0.07450980617892383
 0
 -0.3210081916888911
 0
 -0.008381668827400747
 0
 0
 0.6105261708406734
 0
 -0.01594111398691981
 0
 -0.03440776781716614
 0
 0.6327416105333294
 0
 0.2674167175917727
 0
 -0.01454181640049059
 -0.05229436648626758
 0
 0.02210126156000966
 0
 -0.2436384890428449
 0
 -0.00636151095715512
 0
 -0.00636151095715512
 0
 -0.2436384890428449
 0
 0
 0.01908453287146536
 0
 -0.7309154671285346
 0
 0.4500791640625511
 0
 -0.02447479210882837
 0
 -0.02447479210882837
 0
 0.4500791640625511
 -0.03719781402313863
 0
 0.03719781402313863
 0
 -0.2176913981999242
 0
 -0.03230860180007579
 0
 -0.03230860180007579
 0
 -0.2176913981999242
 0
 0
 0.09692580540022737
 0
 -0.6530741945997727
 0
 0.2665834836060143
 0
 -0.1041821091936825
 0
 -0.1041821091936825
 0
 0.2665834836060143
 -0.1687993127938341
 0
 0.1687993127938341
 0
 -0.1757306439221746
 0
 -0.07426935607782535
 0
 -0.07426935607782535
 0
 -0.1757306439221746
 0
 0
 0.222808068233476
 0
 -0.5271919317665239
 0
 0.03822764543055272
 0
 -0.1646949302581459
 0
 -0.1646949302581459
 0
 0.03822764543055272
 -0.3132336424137966
 0
 0.3132336424137966
 0
 -0.125
 0
 -0.125
 0
 -0.125
 0
 -0.125
 0
 0
 0.375
 0
 -0.375
 0
 -0.125
 0
 -0.125
 0
 -0.125
 0
 -0.125
 -0.375
 0
 0.375
 0
 -0.07426935607782537
 0
 -0.1757306439221746
 0
 -0.1757306439221746
 0
 -0.07426935607782537
 0
 0
 0.5271919317665239
 0
 -0.2228080682334761
 0
 -0.1646949302581459
 0
 0.03822764543055265
 0
 0.03822764543055265
 0
 -0.1646949302581459
 -0.3132336424137966
 0
 0.3132336424137966
 0
 -0.03230860180007569
 0
 -0.2176913981999243
 0
 -0.2176913981999243
 0
 -0.03230860180007569
 0
 0
 0.6530741945997729
 0
 -0.09692580540022708
 0
 -0.1041821091936823
 0
 0.2665834836060149
 0
 0.2665834836060149
 0
 -0.1041821091936823
 -0.1687993127938337
 0
 0.1687993127938337
 0
 -0.00636151095715512
 0
 -0.2436384890428449
 0
 -0.2436384890428449
 0
 -0.00636151095715512
 0
 0
 0.7309154671285346
 0
 -0.01908453287146536
 0
 -0.02447479210882837
 0
 0.4500791640625511
 0
