# Created by Octave 3.8.1, Mon Aug 17 16:45:50 2015 PDT <ataicher@ataicher-Inspiron-7548>
# name: basis
# type: matrix
# ndims: 3
 12 2 25
 0.7805438174761197
 0
 0.03841754038227791
 0
 -0.004091425994343698
 0
 -0.08312706208592271
 0
 0
 0.006291981321366905
 0
 -0.1278365837895675
 0
 0.7805438174761197
 0
 -0.08312706208592271
 0
 -0.004091425994343698
 0
 0.03841754038227791
 -0.1278365837895675
 0
 0.006291981321366905
 0
 0.6299734576138111
 0
 0.1889879002445864
 0
 -0.02012700448761232
 0
 -0.0670914835926541
 0
 0
 0.03095222459509221
 0
 -0.1031763405158422
 0
 0.2255930999396659
 0
 -0.2876165733503086
 0
 -0.01415618325826523
 0
 0.01110345355744301
 -0.5075566981899873
 0
 0.02498140336574512
 0
 0.4094806789291988
 0
 0.4094806789291988
 0
 -0.04360924404013321
 0
 -0.04360924404013321
 0
 0
 0.06706428255546722
 0
 -0.06706428255546722
 0
 -0.238272480742333
 0
 -0.238272480742333
 0
 -0.011727519257667
 0
 -0.011727519257667
 -0.7148174422269989
 0
 0.03518255777300101
 0
 0.1889879002445864
 0
 0.6299734576138111
 0
 -0.0670914835926541
 0
 -0.02012700448761231
 0
 0
 0.1031763405158422
 0
 -0.03095222459509219
 0
 -0.2876165733503086
 0
 0.2255930999396661
 0
 0.01110345355744302
 0
 -0.01415618325826523
 -0.5075566981899872
 0
 0.02498140336574511
 0
 0.03841754038227795
 0
 0.7805438174761197
 0
 -0.08312706208592271
 0
 -0.004091425994343702
 0
 0
 0.1278365837895675
 0
 -0.006291981321366913
 0
 -0.0831270620859228
 0
 0.7805438174761195
 0
 0.0384175403822779
 0
 -0.004091425994343702
 -0.1278365837895677
 0
 0.006291981321366913
 0
 0.2255930999396659
 0
 0.01110345355744301
 0
 -0.01415618325826523
 0
 -0.2876165733503086
 0
 0
 0.02498140336574512
 0
 -0.5075566981899873
 0
 0.6299734576138111
 0
 -0.0670914835926541
 0
 -0.02012700448761232
 0
 0.1889879002445864
 -0.1031763405158422
 0
 0.03095222459509221
 0
 0.1820751916815451
 0
 0.05462136181556392
 0
 -0.06963869427443246
 0
 -0.2321340623341414
 0
 0
 0.1228913387030136
 0
 -0.4096467628527189
 0
 0.1820751916815451
 0
 -0.2321340623341414
 0
 -0.06963869427443246
 0
 0.05462136181556392
 -0.4096467628527189
 0
 0.1228913387030136
 0
 0.1183482767485545
 0
 0.1183482767485545
 0
 -0.1508863783042869
 0
 -0.1508863783042869
 0
 0
 0.2662690507778662
 0
 -0.2662690507778662
 0
 -0.1923086637632104
 0
 -0.1923086637632104
 0
 -0.05769133623678964
 0
 -0.05769133623678964
 -0.5769259912896312
 0
 0.1730740087103689
 0
 0.05462136181556391
 0
 0.1820751916815451
 0
 -0.2321340623341414
 0
 -0.06963869427443245
 0
 0
 0.4096467628527189
 0
 -0.1228913387030135
 0
 -0.2321340623341414
 0
 0.1820751916815452
 0
 0.05462136181556396
 0
 -0.06963869427443246
 -0.4096467628527189
 0
 0.1228913387030135
 0
 0.01110345355744303
 0
 0.2255930999396659
 0
 -0.2876165733503086
 0
 -0.01415618325826525
 0
 0
 0.5075566981899873
 0
 -0.02498140336574515
 0
 -0.06709148359265417
 0
 0.629973457613811
 0
 0.1889879002445864
 0
 -0.02012700448761234
 -0.1031763405158424
 0
 0.03095222459509224
 0
 -0.238272480742333
 0
 -0.011727519257667
 0
 -0.011727519257667
 0
 -0.238272480742333
 0
 0
 0.03518255777300101
 0
 -0.7148174422269989
 0
 0.4094806789291988
 0
 -0.04360924404013321
 0
 -0.04360924404013321
 0
 0.4094806789291988
 -0.06706428255546722
 0
 0.06706428255546722
 0
 -0.1923086637632104
 0
 -0.05769133623678964
 0
 -0.05769133623678964
 0
 -0.1923086637632104
 0
 0
 0.1730740087103689
 0
 -0.5769259912896312
 0
 0.1183482767485545
 0
 -0.1508863783042869
 0
 -0.1508863783042869
 0
 0.1183482767485545
 -0.2662690507778662
 0
 0.2662690507778662
 0
 -0.125
 0
 -0.125
 0
 -0.125
 0
 -0.125
 0
 0
 0.375
 0
 -0.375
 0
 -0.125
 0
 -0.125
 0
 -0.125
 0
 -0.125
 -0.375
 0
 0.375
 0
 -0.05769133623678963
 0
 -0.1923086637632104
 0
 -0.1923086637632104
 0
 -0.05769133623678963
 0
 0
 0.5769259912896312
 0
 -0.1730740087103689
 0
 -0.1508863783042869
 0
 0.1183482767485546
 0
 0.1183482767485546
 0
 -0.1508863783042869
 -0.2662690507778662
 0
 0.2662690507778662
 0
 -0.01172751925766702
 0
 -0.238272480742333
 0
 -0.238272480742333
 0
 -0.01172751925766702
 0
 0
 0.7148174422269989
 0
 -0.03518255777300106
 0
 -0.04360924404013326
 0
 0.4094806789291986
 0
 0.4094806789291986
 0
 -0.04360924404013326
 -0.0670642825554673
 0
 0.0670642825554673
 0
 -0.2876165733503086
 0
 -0.01415618325826523
 0
 0.01110345355744302
 0
 0.2255930999396661
 0
 0
 0.02498140336574511
 0
 -0.5075566981899872
 0
 0.1889879002445864
 0
 -0.02012700448761231
 0
 -0.0670914835926541
 0
 0.6299734576138111
 -0.03095222459509219
 0
 0.1031763405158422
 0
 -0.2321340623341414
 0
 -0.06963869427443246
 0
 0.05462136181556396
 0
 0.1820751916815452
 0
 0
 0.1228913387030135
 0
 -0.4096467628527189
 0
 0.05462136181556391
 0
 -0.06963869427443245
 0
 -0.2321340623341414
 0
 0.1820751916815451
 -0.1228913387030135
 0
 0.4096467628527189
 0
 -0.1508863783042869
 0
 -0.1508863783042869
 0
 0.1183482767485546
 0
 0.1183482767485546
 0
 0
 0.2662690507778662
 0
 -0.2662690507778662
 0
 -0.05769133623678963
 0
 -0.05769133623678963
 0
 -0.1923086637632104
 0
 -0.1923086637632104
 -0.1730740087103689
 0
 0.5769259912896312
 0
 -0.06963869427443245
 0
 -0.2321340623341414
 0
 0.1820751916815452
 0
 0.05462136181556395
 0
 0
 0.4096467628527189
 0
 -0.1228913387030135
 0
 -0.06963869427443245
 0
 0.05462136181556395
 0
 0.1820751916815452
 0
 -0.2321340623341414
 -0.1228913387030135
 0
 0.4096467628527189
 0
 -0.01415618325826525
 0
 -0.2876165733503086
 0
 0.2255930999396661
 0
 0.01110345355744304
 0
 0
 0.5075566981899872
 0
 -0.02498140336574514
 0
 -0.02012700448761233
 0
 0.1889879002445864
 0
 0.629973457613811
 0
 -0.06709148359265417
 -0.03095222459509223
 0
 0.1031763405158424
 0
 -0.0831270620859228
 0
 -0.004091425994343702
 0
 0.0384175403822779
 0
 0.7805438174761195
 0
 0
 0.006291981321366913
 0
 -0.1278365837895677
 0
 0.03841754038227795
 0
 -0.004091425994343702
 0
 -0.08312706208592271
 0
 0.7805438174761197
 -0.006291981321366913
 0
 0.1278365837895675
 0
 -0.06709148359265417
 0
 -0.02012700448761234
 0
 0.1889879002445864
 0
 0.629973457613811
 0
 0
 0.03095222459509224
 0
 -0.1031763405158424
 0
 0.01110345355744303
 0
 -0.01415618325826525
 0
 -0.2876165733503086
 0
 0.2255930999396659
 -0.02498140336574515
 0
 0.5075566981899873
 0
 -0.04360924404013326
 0
 -0.04360924404013326
 0
 0.4094806789291986
 0
 0.4094806789291986
 0
 0
 0.0670642825554673
 0
 -0.0670642825554673
 0
 -0.01172751925766702
 0
 -0.01172751925766702
 0
 -0.238272480742333
 0
 -0.238272480742333
 -0.03518255777300106
 0
 0.7148174422269989
 0
 -0.02012700448761233
 0
 -0.06709148359265417
 0
 0.629973457613811
 0
 0.1889879002445864
 0
 0
 0.1031763405158424
 0
 -0.03095222459509223
 0
 -0.01415618325826525
 0
 0.01110345355744304
 0
 0.2255930999396661
 0
 -0.2876165733503086
 -0.02498140336574514
 0
 0.5075566981899872
 0
 -0.004091425994343706
 0
 -0.0831270620859228
 0
 0.7805438174761195
 0
 0.03841754038227794
 0
 0
 0.1278365837895677
 0
 -0.00629198132136692
 0
 -0.004091425994343706
 0
 0.03841754038227794
 0
 0.7805438174761195
 0
 -0.0831270620859228
 -0.00629198132136692
 0
 0.1278365837895677
 0


