# Created by Octave 3.8.1, Mon Aug 17 16:45:50 2015 PDT <ataicher@ataicher-Inspiron-7548>
# name: basis
# type: matrix
# ndims: 3
 4 1 4
 0.6220084679281462
 0.1666666666666667
 0.04465819873852046
 0.1666666666666667
 0.1666666666666667
 0.6220084679281462
 0.1666666666666667
 0.04465819873852046
 0.1666666666666667
 0.04465819873852046
 0.1666666666666667
 0.6220084679281462
 0.04465819873852046
 0.1666666666666667
 0.6220084679281462
 0.1666666666666667


# name: basisDer
# type: matrix
# ndims: 4
 4 2 1 4
 -0.3943375672974064
 0.3943375672974064
 0.1056624327025936
 -0.1056624327025936
 -0.3943375672974064
 -0.1056624327025936
 0.1056624327025936
 0.3943375672974064
 -0.3943375672974064
 0.3943375672974064
 0.1056624327025936
 -0.1056624327025936
 -0.1056624327025936
 -0.3943375672974064
 0.3943375672974064
 0.1056624327025936
 -0.1056624327025936
 0.1056624327025936
 0.3943375672974064
 -0.3943375672974064
 -0.3943375672974064
 -0.1056624327025936
 0.1056624327025936
 0.3943375672974064
 -0.1056624327025936
 0.1056624327025936
 0.3943375672974064
 -0.3943375672974064
 -0.1056624327025936
 -0.3943375672974064
 0.3943375672974064
 0.1056624327025936


# name: edgeBasis
# type: matrix
# ndims: 4
 4 1 2 4
 0.7886751345948129
 0.2113248654051871
 -0
 -0
 0.2113248654051871
 0.7886751345948129
 -0
 -0
 -0
 0.7886751345948129
 0.2113248654051871
 -0
 -0
 0.2113248654051871
 0.7886751345948129
 -0
 -0
 -0
 0.7886751345948129
 0.2113248654051871
 -0
 -0
 0.2113248654051871
 0.7886751345948129
 0.2113248654051871
 -0
 -0
 0.7886751345948129
 0.7886751345948129
 -0
 -0
 0.2113248654051871


