# Created by Octave 3.8.1, Mon Aug 17 16:45:50 2015 PDT <ataicher@ataicher-Inspiron-7548>
# name: basis
# type: matrix
# ndims: 3
 8 2 49
 0.9497554134892872
 0
 0.0247985426820924
 0
 0.0006475011465280744
 0
 0.0247985426820924
 0
 0
 0.9497554134892872
 0
 0.0247985426820924
 0
 0.0006475011465280744
 0
 0.0247985426820924
 0.8486080533608611
 0
 0.1259459028105185
 0
 0.0032885043897847
 0
 0.02215753943883578
 0
 0
 0.8486080533608611
 0
 0.1259459028105185
 0
 0.0032885043897847
 0
 0.02215753943883578
 0.6850359770195971
 0
 0.2895179791517823
 0
 0.007559445159519059
 0
 0.01788659866910142
 0
 0
 0.6850359770195971
 0
 0.2895179791517823
 0
 0.007559445159519059
 0
 0.01788659866910142
 0.4872769780856898
 0
 0.4872769780856898
 0
 0.01272302191431024
 0
 0.01272302191431024
 0
 0
 0.4872769780856898
 0
 0.4872769780856898
 0
 0.01272302191431024
 0
 0.01272302191431024
 0.2895179791517824
 0
 0.6850359770195971
 0
 0.01788659866910142
 0
 0.00755944515951906
 0
 0
 0.2895179791517824
 0
 0.6850359770195971
 0
 0.01788659866910142
 0
 0.00755944515951906
 0.1259459028105181
 0
 0.8486080533608614
 0
 0.02215753943883579
 0
 0.00328850438978469
 0
 0
 0.1259459028105181
 0
 0.8486080533608614
 0
 0.02215753943883579
 0
 0.00328850438978469
 0.0247985426820924
 0
 0.9497554134892872
 0
 0.0247985426820924
 0
 0.0006475011465280744
 0
 0
 0.0247985426820924
 0
 0.9497554134892872
 0
 0.0247985426820924
 0
 0.0006475011465280744
 0.8486080533608611
 0
 0.02215753943883578
 0
 0.0032885043897847
 0
 0.1259459028105185
 0
 0
 0.8486080533608611
 0
 0.02215753943883578
 0
 0.0032885043897847
 0
 0.1259459028105185
 0.7582327176038075
 0
 0.1125328751958894
 0
 0.01670153200441377
 0
 0.1125328751958894
 0
 0
 0.7582327176038075
 0
 0.1125328751958894
 0
 0.01670153200441377
 0
 0.1125328751958894
 0.6120807933118594
 0
 0.2586847994878375
 0
 0.03839262482346396
 0
 0.09084178237683918
 0
 0
 0.6120807933118594
 0
 0.2586847994878375
 0
 0.03839262482346396
 0
 0.09084178237683918
 0.4353827963998484
 0
 0.4353827963998484
 0
 0.06461720360015158
 0
 0.06461720360015158
 0
 0
 0.4353827963998484
 0
 0.4353827963998484
 0
 0.06461720360015158
 0
 0.06461720360015158
 0.2586847994878375
 0
 0.6120807933118594
 0
 0.09084178237683918
 0
 0.03839262482346398
 0
 0
 0.2586847994878375
 0
 0.6120807933118594
 0
 0.09084178237683918
 0
 0.03839262482346398
 0.1125328751958891
 0
 0.7582327176038078
 0
 0.1125328751958894
 0
 0.01670153200441372
 0
 0
 0.1125328751958891
 0
 0.7582327176038078
 0
 0.1125328751958894
 0
 0.01670153200441372
 0.02215753943883578
 0
 0.8486080533608611
 0
 0.1259459028105185
 0
 0.0032885043897847
 0
 0
 0.02215753943883578
 0
 0.8486080533608611
 0
 0.1259459028105185
 0
 0.0032885043897847
 0.6850359770195971
 0
 0.01788659866910142
 0
 0.007559445159519059
 0
 0.2895179791517823
 0
 0
 0.6850359770195971
 0
 0.01788659866910142
 0
 0.007559445159519059
 0
 0.2895179791517823
 0.6120807933118594
 0
 0.09084178237683918
 0
 0.03839262482346396
 0
 0.2586847994878375
 0
 0
 0.6120807933118594
 0
 0.09084178237683918
 0
 0.03839262482346396
 0
 0.2586847994878375
 0.4941001474128341
 0
 0.2088224282758644
 0
 0.08825499603543702
 0
 0.2088224282758644
 0
 0
 0.4941001474128341
 0
 0.2088224282758644
 0
 0.08825499603543702
 0
 0.2088224282758644
 0.3514612878443493
 0
 0.3514612878443493
 0
 0.1485387121556507
 0
 0.1485387121556507
 0
 0
 0.3514612878443493
 0
 0.3514612878443493
 0
 0.1485387121556507
 0
 0.1485387121556507
 0.2088224282758644
 0
 0.4941001474128341
 0
 0.2088224282758644
 0
 0.08825499603543703
 0
 0
 0.2088224282758644
 0
 0.4941001474128341
 0
 0.2088224282758644
 0
 0.08825499603543703
 0.09084178237683892
 0
 0.6120807933118596
 0
 0.2586847994878376
 0
 0.03839262482346385
 0
 0
 0.09084178237683892
 0
 0.6120807933118596
 0
 0.2586847994878376
 0
 0.03839262482346385
 0.01788659866910142
 0
 0.6850359770195971
 0
 0.2895179791517823
 0
 0.007559445159519059
 0
 0
 0.01788659866910142
 0
 0.6850359770195971
 0
 0.2895179791517823
 0
 0.007559445159519059
 0.4872769780856898
 0
 0.01272302191431024
 0
 0.01272302191431024
 0
 0.4872769780856898
 0
 0
 0.4872769780856898
 0
 0.01272302191431024
 0
 0.01272302191431024
 0
 0.4872769780856898
 0.4353827963998484
 0
 0.06461720360015158
 0
 0.06461720360015158
 0
 0.4353827963998484
 0
 0
 0.4353827963998484
 0
 0.06461720360015158
 0
 0.06461720360015158
 0
 0.4353827963998484
 0.3514612878443493
 0
 0.1485387121556507
 0
 0.1485387121556507
 0
 0.3514612878443493
 0
 0
 0.3514612878443493
 0
 0.1485387121556507
 0
 0.1485387121556507
 0
 0.3514612878443493
 0.25
 0
 0.25
 0
 0.25
 0
 0.25
 0
 0
 0.25
 0
 0.25
 0
 0.25
 0
 0.25
 0.1485387121556507
 0
 0.3514612878443493
 0
 0.3514612878443493
 0
 0.1485387121556507
 0
 0
 0.1485387121556507
 0
 0.3514612878443493
 0
 0.3514612878443493
 0
 0.1485387121556507
 0.06461720360015138
 0
 0.4353827963998486
 0
 0.4353827963998486
 0
 0.06461720360015138
 0
 0
 0.06461720360015138
 0
 0.4353827963998486
 0
 0.4353827963998486
 0
 0.06461720360015138
 0.01272302191431024
 0
 0.4872769780856898
 0
 0.4872769780856898
 0
 0.01272302191431024
 0
 0
 0.01272302191431024
 0
 0.4872769780856898
 0
 0.4872769780856898
 0
 0.01272302191431024
 0.2895179791517824
 0
 0.00755944515951906
 0
 0.01788659866910142
 0
 0.6850359770195971
 0
 0
 0.2895179791517824
 0
 0.00755944515951906
 0
 0.01788659866910142
 0
 0.6850359770195971
 0.2586847994878375
 0
 0.03839262482346398
 0
 0.09084178237683918
 0
 0.6120807933118594
 0
 0
 0.2586847994878375
 0
 0.03839262482346398
 0
 0.09084178237683918
 0
 0.6120807933118594
 0.2088224282758644
 0
 0.08825499603543703
 0
 0.2088224282758644
 0
 0.4941001474128341
 0
 0
 0.2088224282758644
 0
 0.08825499603543703
 0
 0.2088224282758644
 0
 0.4941001474128341
 0.1485387121556507
 0
 0.1485387121556507
 0
 0.3514612878443493
 0
 0.3514612878443493
 0
 0
 0.1485387121556507
 0
 0.1485387121556507
 0
 0.3514612878443493
 0
 0.3514612878443493
 0.08825499603543704
 0
 0.2088224282758644
 0
 0.4941001474128341
 0
 0.2088224282758644
 0
 0
 0.08825499603543704
 0
 0.2088224282758644
 0
 0.4941001474128341
 0
 0.2088224282758644
 0.03839262482346386
 0
 0.2586847994878376
 0
 0.6120807933118596
 0
 0.09084178237683892
 0
 0
 0.03839262482346386
 0
 0.2586847994878376
 0
 0.6120807933118596
 0
 0.09084178237683892
 0.00755944515951906
 0
 0.2895179791517824
 0
 0.6850359770195971
 0
 0.01788659866910142
 0
 0
 0.00755944515951906
 0
 0.2895179791517824
 0
 0.6850359770195971
 0
 0.01788659866910142
 0.1259459028105181
 0
 0.00328850438978469
 0
 0.02215753943883579
 0
 0.8486080533608614
 0
 0
 0.1259459028105181
 0
 0.00328850438978469
 0
 0.02215753943883579
 0
 0.8486080533608614
 0.1125328751958891
 0
 0.01670153200441372
 0
 0.1125328751958894
 0
 0.7582327176038078
 0
 0
 0.1125328751958891
 0
 0.01670153200441372
 0
 0.1125328751958894
 0
 0.7582327176038078
 0.09084178237683892
 0
 0.03839262482346385
 0
 0.2586847994878376
 0
 0.6120807933118596
 0
 0
 0.09084178237683892
 0
 0.03839262482346385
 0
 0.2586847994878376
 0
 0.6120807933118596
 0.06461720360015138
 0
 0.06461720360015138
 0
 0.4353827963998486
 0
 0.4353827963998486
 0
 0
 0.06461720360015138
 0
 0.06461720360015138
 0
 0.4353827963998486
 0
 0.4353827963998486
 0.03839262482346386
 0
 0.09084178237683892
 0
 0.6120807933118596
 0
 0.2586847994878376
 0
 0
 0.03839262482346386
 0
 0.09084178237683892
 0
 0.6120807933118596
 0
 0.2586847994878376
 0.01670153200441367
 0
 0.1125328751958891
 0
 0.7582327176038082
 0
 0.1125328751958891
 0
 0
 0.01670153200441367
 0
 0.1125328751958891
 0
 0.7582327176038082
 0
 0.1125328751958891
 0.00328850438978469
 0
 0.1259459028105181
 0
 0.8486080533608614
 0
 0.02215753943883579
 0
 0
 0.00328850438978469
 0
 0.1259459028105181
 0
 0.8486080533608614
 0
 0.02215753943883579
 0.0247985426820924
 0
 0.0006475011465280744
 0
 0.0247985426820924
 0
 0.9497554134892872
 0
 0
