# Created by Octave 3.8.1, Mon Aug 17 16:45:52 2015 PDT <ataicher@ataicher-Inspiron-7548>
# name: basis
# type: matrix
# ndims: 3
 8 2 100
 0.9740767458306783
 0
 0.01287651842790773
 0
 0.00017021731350629
 0
 0.01287651842790773
 0
 0
 0.9740767458306783
 0
 0.01287651842790773
 0
 0.00017021731350629
 0
 0.01287651842790773
 0.9203651889014004
 0
 0.06658807535718556
 0
 0.000880241298322455
 0
 0.01216649444309156
 0
 0
 0.9203651889014004
 0
 0.06658807535718556
 0
 0.000880241298322455
 0
 0.01216649444309156
 0.8287493777299124
 0
 0.1582038865286735
 0
 0.002091329321814233
 0
 0.01095540641959978
 0
 0
 0.8287493777299124
 0
 0.1582038865286735
 0
 0.002091329321814233
 0
 0.01095540641959978
 0.7073471316045413
 0
 0.2796061326540446
 0
 0.003696170281331878
 0
 0.009350565460082139
 0
 0
 0.7073471316045413
 0
 0.2796061326540446
 0
 0.003696170281331878
 0
 0.009350565460082139
 0.566942639540423
 0
 0.4200106247181629
 0
 0.005552205791021492
 0
 0.007494529950392526
 0
 0
 0.566942639540423
 0
 0.4200106247181629
 0
 0.005552205791021492
 0
 0.007494529950392526
 0.4200106247181629
 0
 0.566942639540423
 0
 0.007494529950392526
 0
 0.005552205791021492
 0
 0
 0.4200106247181629
 0
 0.566942639540423
 0
 0.007494529950392526
 0
 0.005552205791021492
 0.2796061326540446
 0
 0.7073471316045413
 0
 0.009350565460082139
 0
 0.003696170281331878
 0
 0
 0.2796061326540446
 0
 0.7073471316045413
 0
 0.009350565460082139
 0
 0.003696170281331878
 0.1582038865286735
 0
 0.8287493777299124
 0
 0.01095540641959978
 0
 0.002091329321814234
 0
 0
 0.1582038865286735
 0
 0.8287493777299124
 0
 0.01095540641959978
 0
 0.002091329321814234
 0.06658807535718556
 0
 0.9203651889014004
 0
 0.01216649444309156
 0
 0.000880241298322455
 0
 0
 0.06658807535718556
 0
 0.9203651889014004
 0
 0.01216649444309156
 0
 0.000880241298322455
 0.01287651842790773
 0
 0.9740767458306783
 0
 0.01287651842790773
 0
 0.00017021731350629
 0
 0
 0.01287651842790773
 0
 0.9740767458306783
 0
 0.01287651842790773
 0
 0.00017021731350629
 0.9203651889014004
 0
 0.01216649444309156
 0
 0.000880241298322455
 0
 0.06658807535718556
 0
 0
 0.9203651889014004
 0
 0.01216649444309156
 0
 0.000880241298322455
 0
 0.06658807535718556
 0.8696153404413118
 0
 0.06291634290318011
 0
 0.0045519737523279
 0
 0.06291634290318011
 0
 0
 0.8696153404413118
 0
 0.06291634290318011
 0
 0.0045519737523279
 0
 0.06291634290318011
 0.7830513158753679
 0
 0.149480367469124
 0
 0.01081484838136371
 0
 0.0566534682741443
 0
 0
 0.7830513158753679
 0
 0.149480367469124
 0
 0.01081484838136371
 0
 0.0566534682741443
 0.6683433098927941
 0
 0.2641883734516979
 0
 0.01911392948367864
 0
 0.04835438717182937
 0
 0
 0.6683433098927941
 0
 0.2641883734516979
 0
 0.01911392948367864
 0
 0.04835438717182937
 0.5356808606409155
 0
 0.3968508227035765
 0
 0.02871200780560794
 0
 0.03875630884990007
 0
 0
 0.5356808606409155
 0
 0.3968508227035765
 0
 0.02871200780560794
 0
 0.03875630884990007
 0.3968508227035765
 0
 0.5356808606409155
 0
 0.03875630884990007
 0
 0.02871200780560794
 0
 0
 0.3968508227035765
 0
 0.5356808606409155
 0
 0.03875630884990007
 0
 0.02871200780560794
 0.2641883734516979
 0
 0.6683433098927941
 0
 0.04835438717182937
 0
 0.01911392948367864
 0
 0
 0.2641883734516979
 0
 0.6683433098927941
 0
 0.04835438717182937
 0
 0.01911392948367864
 0.1494803674691241
 0
 0.7830513158753679
 0
 0.0566534682741443
 0
 0.01081484838136372
 0
 0
 0.1494803674691241
 0
 0.7830513158753679
 0
 0.0566534682741443
 0
 0.01081484838136372
 0.06291634290318011
 0
 0.8696153404413118
 0
 0.06291634290318011
 0
 0.0045519737523279
 0
 0
 0.06291634290318011
 0
 0.8696153404413118
 0
 0.06291634290318011
 0
 0.0045519737523279
 0.01216649444309156
 0
 0.9203651889014004
 0
 0.06658807535718556
 0
 0.000880241298322455
 0
 0
 0.01216649444309156
 0
 0.9203651889014004
 0
 0.06658807535718556
 0
 0.000880241298322455
 0.8287493777299124
 0
 0.01095540641959978
 0
 0.002091329321814233
 0
 0.1582038865286735
 0
 0
 0.8287493777299124
 0
 0.01095540641959978
 0
 0.002091329321814233
 0
 0.1582038865286735
 0.7830513158753679
 0
 0.0566534682741443
 0
 0.01081484838136371
 0
 0.149480367469124
 0
 0
 0.7830513158753679
 0
 0.0566534682741443
 0
 0.01081484838136371
 0
 0.149480367469124
 0.705104124523579
 0
 0.1346006596259333
 0
 0.02569455622455445
 0
 0.1346006596259333
 0
 0
 0.705104124523579
 0
 0.1346006596259333
 0
 0.02569455622455445
 0
 0.1346006596259333
 0.6018144850141022
 0
 0.23789029913541
 0
 0.04541200379996644
 0
 0.1148832120505213
 0
 0
 0.6018144850141022
 0
 0.23789029913541
 0
 0.04541200379996644
 0
 0.1148832120505213
 0.4823576394147421
 0
 0.3573471447347701
 0
 0.06821568577441424
 0
 0.09207953007607349
 0
 0
 0.4823576394147421
 0
 0.3573471447347701
 0
 0.06821568577441424
 0
 0.09207953007607349
 0.3573471447347701
 0
 0.4823576394147421
 0
 0.09207953007607349
 0
 0.06821568577441424
 0
 0
 0.3573471447347701
 0
 0.4823576394147421
 0
 0.09207953007607349
 0
 0.06821568577441424
 0.23789029913541
 0
 0.6018144850141022
 0
 0.1148832120505213
 0
 0.04541200379996644
 0
 0
 0.23789029913541
 0
 0.6018144850141022
 0
 0.1148832120505213
 0
 0.04541200379996644
 0.1346006596259333
 0
 0.705104124523579
 0
 0.1346006596259333
 0
 0.02569455622455446
 0
 0
 0.1346006596259333
 0
 0.705104124523579
 0
 0.1346006596259333
 0
 0.02569455622455446
 0.0566534682741443
 0
 0.7830513158753679
 0
 0.149480367469124
 0
 0.01081484838136371
 0
 0
 0.0566534682741443
 0
 0.7830513158753679
 0
 0.149480367469124
 0
 0.01081484838136371
 0.01095540641959978
 0
 0.8287493777299124
 0
 0.1582038865286735
 0
 0.002091329321814233
 0
 0
 0.01095540641959978
 0
 0.8287493777299124
 0
 0.1582038865286735
 0
 0.002091329321814233
 0.7073471316045413
 0
 0.009350565460082139
 0
 0.003696170281331878
 0
 0.2796061326540446
 0
 0
 0.7073471316045413
 0
 0.009350565460082139
 0
 0.003696170281331878
 0
 0.2796061326540446
 0.6683433098927941
 0
 0.04835438717182937
 0
 0.01911392948367864
 0
 0.2641883734516979
 0
 0
 0.6683433098927941
 0
 0.04835438717182937
 0
 0.01911392948367864
 0
 0.2641883734516979
 0.6018144850141022
 0
 0.1148832120505213
 0
 0.04541200379996644
 0
 0.23789029913541
 0
 0
 0.6018144850141022
 0
 0.1148832120505213
 0
 0.04541200379996644
 0
 0.23789029913541
 0.5136555889777348
 0
 0.2030421080868887
 0
 0.08026019484848784
 0
 0.2030421080868887
 0
 0
 0.5136555889777348
 0
 0.2030421080868887
 0
 0.08026019484848784
 0
 0.2030421080868887
 0.4116977964823883
 0
 0.3049999005822352
 0
 0.1205629299269493
 0
 0.1627393730084273
 0
 0
 0.4116977964823883
 0
 0.3049999005822352
 0
 0.1205629299269493
 0
 0.1627393730084273
 0.3049999005822352
 0
 0.4116977964823883
 0
 0.1627393730084273
 0
 0.1205629299269493
 0
 0
 0.3049999005822352
 0
 0.4116977964823883
 0
 0.1627393730084273
 0
 0.1205629299269493
 0.2030421080868887
 0
 0.5136555889777348
 0
 0.2030421080868887
 0
 0.08026019484848784
 0
 0
 0.2030421080868887
 0
 0.5136555889777348
 0
 0.2030421080868887
 0
 0.08026019484848784
 0.1148832120505213
 0
 0.6018144850141022
 0
 0.23789029913541
 0
 0.04541200379996645
 0
 0
 0.1148832120505213
 0
 0.6018144850141022
 0
 0.23789029913541
 0
 0.04541200379996645
 0.04835438717182937
 0
 0.6683433098927941
 0
 0.2641883734516979
 0
 0.01911392948367864
 0
 0
 0.04835438717182937
 0
 0.6683433098927941
 0
 0.2641883734516979
 0
 0.01911392948367864
 0.009350565460082139
 0
 0.7073471316045413
 0
 0.2796061326540446
 0
 0.003696170281331878
 0
 0
 0.009350565460082139
 0
 0.7073471316045413
 0
 0.2796061326540446
 0
 0.003696170281331878
 0.566942639540423
 0
 0.007494529950392526
 0
 0.005552205791021492
 0
 0.4200106247181629
 0
 0
 0.566942639540423
 0
 0.007494529950392526
 0
 0.005552205791021492
 0
 0.4200106247181629
 0.5356808606409155
 0
 0.03875630884990007
 0
 0.02871200780560794
 0
 0.3968508227035765
 0
 0
 0.5356808606409155
 0
 0.03875630884990007
 0
