# Created by Octave 3.8.1, Mon Aug 17 16:45:50 2015 PDT <ataicher@ataicher-Inspiron-7548>
# name: basis
# type: matrix
# ndims: 3
 8 2 9
 0.7872983346207417
 0
 0.09999999999999999
 0
 0.01270166537925831
 0
 0.09999999999999999
 0
 0
 0.7872983346207417
 0
 0.09999999999999999
 0
 0.01270166537925831
 0
 0.09999999999999999
 0.4436491673103709
 0
 0.4436491673103709
 0
 0.05635083268962915
 0
 0.05635083268962915
 0
 0
 0.4436491673103709
 0
 0.4436491673103709
 0
 0.05635083268962915
 0
 0.05635083268962915
 0.09999999999999999
 0
 0.7872983346207417
 0
 0.09999999999999999
 0
 0.01270166537925831
 0
 0
 0.09999999999999999
 0
 0.7872983346207417
 0
 0.09999999999999999
 0
 0.01270166537925831
 0.4436491673103709
 0
 0.05635083268962915
 0
 0.05635083268962915
 0
 0.4436491673103709
 0
 0
 0.4436491673103709
 0
 0.05635083268962915
 0
 0.05635083268962915
 0
 0.4436491673103709
 0.25
 0
 0.25
 0
 0.25
 0
 0.25
 0
 0
 0.25
 0
 0.25
 0
 0.25
 0
 0.25
 0.05635083268962915
 0
 0.4436491673103709
 0
 0.4436491673103709
 0
 0.05635083268962915
 0
 0
 0.05635083268962915
 0
 0.4436491673103709
 0
 0.4436491673103709
 0
 0.05635083268962915
 0.09999999999999999
 0
 0.01270166537925831
 0
 0.09999999999999999
 0
 0.7872983346207417
 0
 0
 0.09999999999999999
 0
 0.01270166537925831
 0
 0.09999999999999999
 0
 0.7872983346207417
 0.05635083268962915
 0
 0.05635083268962915
 0
 0.4436491673103709
 0
 0.4436491673103709
 0
 0
 0.05635083268962915
 0
 0.05635083268962915
 0
 0.4436491673103709
 0
 0.4436491673103709
 0.01270166537925831
 0
 0.09999999999999999
 0
 0.7872983346207417
 0
 0.09999999999999999
 0
 0
 0.01270166537925831
 0
 0.09999999999999999
 0
 0.7872983346207417
 0
 0.09999999999999999


# name: basisDer
# type: matrix
# ndims: 4
 8 2 2 9
 -0.4436491673103709
 0
 0.4436491673103709
 0
 0.05635083268962915
 0
 -0.05635083268962915
 0
 -0.4436491673103709
 0
 -0.05635083268962915
 0
 0.05635083268962915
 0
 0.4436491673103709
 0
 0
 -0.4436491673103709
 0
 0.4436491673103709
 0
 0.05635083268962915
 0
 -0.05635083268962915
 0
 -0.4436491673103709
 0
 -0.05635083268962915
 0
 0.05635083268962915
 0
 0.4436491673103709
 -0.4436491673103709
 0
 0.4436491673103709
 0
 0.05635083268962915
 0
 -0.05635083268962915
 0
 -0.25
 0
 -0.25
 0
 0.25
 0
 0.25
 0
 0
 -0.4436491673103709
 0
 0.4436491673103709
 0
 0.05635083268962915
 0
 -0.05635083268962915
 0
 -0.25
 0
 -0.25
 0
 0.25
 0
 0.25
 -0.4436491673103709
 0
 0.4436491673103709
 0
 0.05635083268962915
 0
 -0.05635083268962915
 0
 -0.05635083268962915
 0
 -0.4436491673103709
 0
 0.4436491673103709
 0
 0.05635083268962915
 0
 0
 -0.4436491673103709
 0
 0.4436491673103709
 0
 0.05635083268962915
 0
 -0.05635083268962915
 0
 -0.05635083268962915
 0
 -0.4436491673103709
 0
 0.4436491673103709
 0
 0.05635083268962915
 -0.25
 0
 0.25
 0
 0.25
 0
 -0.25
 0
 -0.4436491673103709
 0
 -0.05635083268962915
 0
 0.05635083268962915
 0
 0.4436491673103709
 0
 0
 -0.25
 0
 0.25
 0
 0.25
 0
 -0.25
 0
 -0.4436491673103709
 0
 -0.05635083268962915
 0
 0.05635083268962915
 0
 0.4436491673103709
 -0.25
 0
 0.25
 0
 0.25
 0
 -0.25
 0
 -0.25
 0
 -0.25
 0
 0.25
 0
 0.25
 0
 0
 -0.25
 0
 0.25
 0
 0.25
 0
 -0.25
 0
 -0.25
 0
 -0.25
 0
 0.25
 0
 0.25
 -0.25
 0
 0.25
 0
 0.25
 0
 -0.25
 0
 -0.05635083268962915
 0
 -0.4436491673103709
 0
 0.4436491673103709
 0
 0.05635083268962915
 0
 0
 -0.25
 0
 0.25
 0
 0.25
 0
 -0.25
 0
 -0.05635083268962915
 0
 -0.4436491673103709
 0
 0.4436491673103709
 0
 0.05635083268962915
 -0.05635083268962915
 0
 0.05635083268962915
 0
 0.4436491673103709
 0
 -0.4436491673103709
 0
 -0.4436491673103709
 0
 -0.05635083268962915
 0
 0.05635083268962915
 0
 0.4436491673103709
 0
 0
 -0.05635083268962915
 0
 0.05635083268962915
 0
 0.4436491673103709
 0
 -0.4436491673103709
 0
 -0.4436491673103709
 0
 -0.05635083268962915
 0
 0.05635083268962915
 0
 0.4436491673103709
 -0.05635083268962915
 0
 0.05635083268962915
 0
 0.4436491673103709
 0
 -0.4436491673103709
 0
 -0.25
 0
 -0.25
 0
 0.25
 0
 0.25
 0
 0
 -0.05635083268962915
 0
 0.05635083268962915
 0
 0.4436491673103709
 0
 -0.4436491673103709
 0
 -0.25
 0
 -0.25
 0
 0.25
 0
 0.25
 -0.05635083268962915
 0
 0.05635083268962915
 0
 0.4436491673103709
 0
 -0.4436491673103709
 0
 -0.05635083268962915
 0
 -0.4436491673103709
 0
 0.4436491673103709
 0
 0.05635083268962915
 0
 0
 -0.05635083268962915
 0
 0.05635083268962915
 0
 0.4436491673103709
 0
 -0.4436491673103709
 0
 -0.05635083268962915
 0
 -0.4436491673103709
 0
 0.4436491673103709
 0
 0.05635083268962915


# name: edgeBasis
# type: matrix
# ndims: 4
 8 2 3 4
 0.8872983346207417
 0
 0.1127016653792583
 0
 -0
 0
 -0
 0
 0
 0.8872983346207417
 0
 0.1127016653792583
 0
 -0
 0
 -0
 0.5
 0
 0.5
 0
 -0
 0
 -0
 0
 0
 0.5
 0
 0.5
 0
 -0
 0
 -0
 0.1127016653792583
 0
 0.8872983346207417
 0
 -0
 0
 -0
 0
 0
 0.1127016653792583
 0
 0.8872983346207417
 0
 -0
 0
 -0
 -0
 0
 0.8872983346207417
 0
 0.1127016653792583
 0
 -0
 0
 0
 -0
 0
 0.8872983346207417
 0
 0.1127016653792583
 0
 -0
 -0
 0
 0.5
 0
 0.5
 0
 -0
 0
 0
 -0
 0
 0.5
 0
 0.5
 0
 -0
 -0
 0
 0.1127016653792583
 0
 0.8872983346207417
 0
 -0
 0
 0
 -0
 0
 0.1127016653792583
 0
 0.8872983346207417
 0
 -0
 -0
 0
 -0
 0
 0.8872983346207417
 0
 0.1127016653792583
 0
 0
 -0
 0
 -0
 0
 0.8872983346207417
 0
 0.1127016653792583
 -0
 0
 -0
 0
 0.5
 0
 0.5
 0
 0
 -0
 0
 -0
 0
 0.5
 0
 0.5
 -0
 0
 -0
 0
 0.1127016653792583
 0
 0.8872983346207417
 0
 0
 -0
 0
 -0
 0
 0.1127016653792583
 0
 0.8872983346207417
 0.1127016653792583
 0
 -0
 0
 -0
 0
 0.8872983346207417
 0
 0
 0.1127016653792583
 0
 -0
 0
 -0
 0
 0.8872983346207417
 0.5
 0
 -0
 0
 -0
 0
 0.5
 0
 0
 0.5
 0
 -0
 0
 -0
 0
 0.5
 0.8872983346207417
 0
 -0
 0
 -0
 0
 0.1127016653792583
 0
 0
 0.8872983346207417
 0
 -0
 0
 -0
 0
 0.1127016653792583


