# Created by Octave 3.8.1, Mon Aug 17 16:45:53 2015 PDT <ataicher@ataicher-Inspiron-7548>
# name: basis
# type: matrix
# ndims: 3
 8 2 144
 0.9816456367990777
 0
 0.009134680324288297
 0
 8.500255234569809e-05
 0
 0.009134680324288297
 0
 0
 0.9816456367990777
 0
 0.009134680324288297
 0
 8.500255234569809e-05
 0
 0.009134680324288297
 0.943280949553395
 0
 0.04749936756997097
 0
 0.0004420042448030153
 0
 0.008777678631830979
 0
 0
 0.943280949553395
 0
 0.04749936756997097
 0
 0.0004420042448030153
 0
 0.008777678631830979
 0.8767923664078698
 0
 0.1139879507154962
 0
 0.001060712187344961
 0
 0.008158970689289034
 0
 0
 0.8767923664078698
 0
 0.1139879507154962
 0
 0.001060712187344961
 0
 0.008158970689289034
 0.7863416930618521
 0
 0.2044386240615139
 0
 0.001902398795178995
 0
 0.007317284081454999
 0
 0
 0.7863416930618521
 0
 0.2044386240615139
 0
 0.001902398795178995
 0
 0.007317284081454999
 0.6776102631743731
 0
 0.3131700539489929
 0
 0.002914196551916928
 0
 0.006305486324717066
 0
 0
 0.6776102631743731
 0
 0.3131700539489929
 0
 0.002914196551916928
 0
 0.006305486324717066
 0.5574295566613996
 0
 0.4333507604619665
 0
 0.004032535282299148
 0
 0.005187147594334847
 0
 0
 0.5574295566613996
 0
 0.4333507604619665
 0
 0.004032535282299148
 0
 0.005187147594334847
 0.4333507604619665
 0
 0.5574295566613996
 0
 0.005187147594334847
 0
 0.004032535282299148
 0
 0
 0.4333507604619665
 0
 0.5574295566613996
 0
 0.005187147594334847
 0
 0.004032535282299148
 0.3131700539489929
 0
 0.6776102631743731
 0
 0.006305486324717066
 0
 0.002914196551916928
 0
 0
 0.3131700539489929
 0
 0.6776102631743731
 0
 0.006305486324717066
 0
 0.002914196551916928
 0.2044386240615139
 0
 0.7863416930618521
 0
 0.007317284081454999
 0
 0.001902398795178995
 0
 0
 0.2044386240615139
 0
 0.7863416930618521
 0
 0.007317284081454999
 0
 0.001902398795178995
 0.1139879507154961
 0
 0.8767923664078698
 0
 0.008158970689289034
 0
 0.001060712187344961
 0
 0
 0.1139879507154961
 0
 0.8767923664078698
 0
 0.008158970689289034
 0
 0.001060712187344961
 0.04749936756997097
 0
 0.943280949553395
 0
 0.008777678631830979
 0
 0.0004420042448030153
 0
 0
 0.04749936756997097
 0
 0.943280949553395
 0
 0.008777678631830979
 0
 0.0004420042448030153
 0.009134680324288297
 0
 0.9816456367990777
 0
 0.009134680324288297
 0
 8.500255234569809e-05
 0
 0
 0.009134680324288297
 0
 0.9816456367990777
 0
 0.009134680324288297
 0
 8.500255234569809e-05
 0.943280949553395
 0
 0.008777678631830979
 0
 0.0004420042448030153
 0
 0.04749936756997097
 0
 0
 0.943280949553395
 0
 0.008777678631830979
 0
 0.0004420042448030153
 0
 0.04749936756997097
 0.9064156315019345
 0
 0.04564299668329157
 0
 0.002298375131482405
 0
 0.04564299668329157
 0
 0
 0.9064156315019345
 0
 0.04564299668329157
 0
 0.002298375131482405
 0
 0.04564299668329157
 0.8425255560074026
 0
 0.1095330721778235
 0
 0.005515590725017702
 0
 0.04242578108975628
 0
 0
 0.8425255560074026
 0
 0.1095330721778235
 0
 0.005515590725017702
 0
 0.04242578108975628
 0.7556098770259466
 0
 0.1964487511592794
 0
 0.009892271697413489
 0
 0.03804910011736049
 0
 0
 0.7556098770259466
 0
 0.1964487511592794
 0
 0.009892271697413489
 0
 0.03804910011736049
 0.6511278902623745
 0
 0.3009307379228515
 0
 0.01515351257805828
 0
 0.03278785923671571
 0
 0
 0.6511278902623745
 0
 0.3009307379228515
 0
 0.01515351257805828
 0
 0.03278785923671571
 0.5356440876478075
 0
 0.4164145405374185
 0
 0.02096875520684709
 0
 0.02697261660792689
 0
 0
 0.5356440876478075
 0
 0.4164145405374185
 0
 0.02096875520684709
 0
 0.02697261660792689
 0.4164145405374185
 0
 0.5356440876478075
 0
 0.02697261660792689
 0
 0.02096875520684709
 0
 0
 0.4164145405374185
 0
 0.5356440876478075
 0
 0.02697261660792689
 0
 0.02096875520684709
 0.3009307379228515
 0
 0.6511278902623745
 0
 0.03278785923671571
 0
 0.01515351257805828
 0
 0
 0.3009307379228515
 0
 0.6511278902623745
 0
 0.03278785923671571
 0
 0.01515351257805828
 0.1964487511592794
 0
 0.7556098770259466
 0
 0.03804910011736049
 0
 0.009892271697413489
 0
 0
 0.1964487511592794
 0
 0.7556098770259466
 0
 0.03804910011736049
 0
 0.009892271697413489
 0.1095330721778234
 0
 0.8425255560074026
 0
 0.04242578108975628
 0
 0.005515590725017699
 0
 0
 0.1095330721778234
 0
 0.8425255560074026
 0
 0.04242578108975628
 0
 0.005515590725017699
 0.04564299668329157
 0
 0.9064156315019345
 0
 0.04564299668329157
 0
 0.002298375131482405
 0
 0
 0.04564299668329157
 0
 0.9064156315019345
 0
 0.04564299668329157
 0
 0.002298375131482405
 0.008777678631830979
 0
 0.943280949553395
 0
 0.04749936756997097
 0
 0.0004420042448030153
 0
 0
 0.008777678631830979
 0
 0.943280949553395
 0
 0.04749936756997097
 0
 0.0004420042448030153
 0.8767923664078698
 0
 0.008158970689289034
 0
 0.001060712187344961
 0
 0.1139879507154962
 0
 0
 0.8767923664078698
 0
 0.008158970689289034
 0
 0.001060712187344961
 0
 0.1139879507154962
 0.8425255560074026
 0
 0.04242578108975628
 0
 0.005515590725017702
 0
 0.1095330721778235
 0
 0
 0.8425255560074026
 0
 0.04242578108975628
 0
 0.005515590725017702
 0
 0.1095330721778235
 0.7831388690300494
 0
 0.1018124680671096
 0
 0.01323619483573158
 0
 0.1018124680671096
 0
 0
 0.7831388690300494
 0
 0.1018124680671096
 0
 0.01323619483573158
 0
 0.1018124680671096
 0.7023495730221331
 0
 0.1826017640750258
 0
 0.0237392587816671
 0
 0.09130940412117405
 0
 0
 0.7023495730221331
 0
 0.1826017640750258
 0
 0.0237392587816671
 0
 0.09130940412117405
 0.6052321569810254
 0
 0.2797191801161334
 0
 0.03636507038477638
 0
 0.07868359251806478
 0
 0
 0.6052321569810254
 0
 0.2797191801161334
 0
 0.03636507038477638
 0
 0.07868359251806478
 0.497888404704309
 0
 0.3870629323928499
 0
 0.0503203633514157
 0
 0.06472829955142546
 0
 0
 0.497888404704309
 0
 0.3870629323928499
 0
 0.0503203633514157
 0
 0.06472829955142546
 0.3870629323928499
 0
 0.497888404704309
 0
 0.06472829955142546
 0
 0.0503203633514157
 0
 0
 0.3870629323928499
 0
 0.497888404704309
 0
 0.06472829955142546
 0
 0.0503203633514157
 0.2797191801161334
 0
 0.6052321569810254
 0
 0.07868359251806478
 0
 0.03636507038477638
 0
 0
 0.2797191801161334
 0
 0.6052321569810254
 0
 0.07868359251806478
 0
 0.03636507038477638
 0.1826017640750258
 0
 0.7023495730221331
 0
 0.09130940412117405
 0
 0.0237392587816671
 0
 0
 0.1826017640750258
 0
 0.7023495730221331
 0
 0.09130940412117405
 0
 0.0237392587816671
 0.1018124680671095
 0
 0.7831388690300494
 0
 0.1018124680671096
 0
 0.01323619483573157
 0
 0
 0.1018124680671095
 0
 0.7831388690300494
 0
 0.1018124680671096
 0
 0.01323619483573157
 0.04242578108975628
 0
 0.8425255560074026
 0
 0.1095330721778235
 0
 0.005515590725017702
 0
 0
 0.04242578108975628
 0
 0.8425255560074026
 0
 0.1095330721778235
 0
 0.005515590725017702
 0.008158970689289034
 0
 0.8767923664078698
 0
 0.1139879507154962
 0
 0.001060712187344961
 0
 0
 0.008158970689289034
 0
 0.8767923664078698
 0
 0.1139879507154962
 0
 0.001060712187344961
 0.7863416930618521
 0
 0.007317284081454999
 0
 0.001902398795178995
 0
 0.2044386240615139
 0
 0
 0.7863416930618521
 0
 0.007317284081454999
 0
 0.001902398795178995
 0
 0.2044386240615139
 0.7556098770259466
 0
 0.03804910011736049
 0
 0.009892271697413489
 0
 0.1964487511592794
 0
 0
 0.7556098770259466
 0
 0.03804910011736049
 0
 0.009892271697413489
 0
 0.1964487511592794
 0.7023495730221331
 0
 0.09130940412117405
 0
 0.0237392587816671
 0
 0.1826017640750258
 0
 0
 0.7023495730221331
 0
 0.09130940412117405
 0
 0.0237392587816671
 0
 0.1826017640750258
 0.6298945720001605
 0
 0.1637644051431466
 0
 0.04257661771354625
 0
 0.1637644051431466
 0
 0
 0.6298945720001605
 0
 0.1637644051431466
 0
 0.04257661771354625
 0
 0.1637644051431466
 0.5427958741996461
 0
 0.2508631029436609
 0
 0.06522114755724887
 0
 0.141119875299444
 0
 0
 0.5427958741996461
 0
 0.2508631029436609
 0
 0.06522114755724887
 0
 0.141119875299444
 0.4465257980233447
 0
 0.3471331791199624
 0
 0.09025011662430317
