# Created by Octave 3.8.1, Mon Aug 17 16:45:51 2015 PDT <ataicher@ataicher-Inspiron-7548>
# name: basis
# type: matrix
# ndims: 3
 4 1 81
 0.9684136820946788
 0.01566643765913408
 0.0002534425870529354
 0.01566643765913408
 0.9034008559848614
 0.08067926376895158
 0.001305182567729915
 0.0146146976784571
 0.7938433763496888
 0.1902367434041241
 0.003077540245580729
 0.01284234000060628
 0.6515857337438085
 0.3324943860100045
 0.005378902288091102
 0.01054097795809591
 0.4920400598769065
 0.4920400598769065
 0.007959940123093506
 0.007959940123093506
 0.3324943860100045
 0.6515857337438085
 0.01054097795809591
 0.005378902288091102
 0.1902367434041239
 0.793843376349689
 0.01284234000060629
 0.003077540245580725
 0.08067926376895262
 0.9034008559848603
 0.01461469767845708
 0.001305182567729932
 0.01566643765913359
 0.9684136820946794
 0.01566643765913409
 0.0002534425870529275
 0.9034008559848614
 0.0146146976784571
 0.001305182567729915
 0.08067926376895158
 0.8427525567677693
 0.0752629968955493
 0.00672144944113221
 0.0752629968955493
 0.7405500345276069
 0.1774655191357116
 0.01584876451399326
 0.06613568182268825
 0.6078426198382962
 0.3101729338250223
 0.02770035447307334
 0.05428409186360816
 0.4590077768316593
 0.4590077768316593
 0.04099222316834075
 0.04099222316834075
 0.3101729338250223
 0.6078426198382962
 0.05428409186360816
 0.02770035447307334
 0.1774655191357114
 0.7405500345276071
 0.06613568182268827
 0.01584876451399323
 0.07526299689555027
 0.8427525567677683
 0.0752629968955492
 0.006721449441132296
 0.01461469767845664
 0.9034008559848619
 0.08067926376895163
 0.001305182567729874
 0.7938433763496888
 0.01284234000060628
 0.003077540245580729
 0.1902367434041241
 0.7405500345276069
 0.06613568182268825
 0.01584876451399326
 0.1774655191357116
 0.6507418449635889
 0.1559438713867063
 0.03737041226299855
 0.1559438713867063
 0.5341281607439161
 0.2725575556063791
 0.06531573269171656
 0.1279985509579883
 0.4033428581751476
 0.4033428581751476
 0.09665714182485244
 0.09665714182485244
 0.2725575556063791
 0.5341281607439161
 0.1279985509579883
 0.06531573269171656
 0.1559438713867061
 0.6507418449635891
 0.1559438713867064
 0.0373704122629985
 0.0661356818226891
 0.740550034527606
 0.1774655191357114
 0.01584876451399346
 0.01284234000060588
 0.7938433763496893
 0.1902367434041242
 0.003077540245580633
 0.6515857337438085
 0.01054097795809591
 0.005378902288091102
 0.3324943860100045
 0.6078426198382962
 0.05428409186360816
 0.02770035447307334
 0.3101729338250223
 0.5341281607439161
 0.1279985509579883
 0.06531573269171656
 0.2725575556063791
 0.4384117823491768
 0.2237149293527276
 0.114158358945368
 0.2237149293527276
 0.3310633558509522
 0.3310633558509522
 0.1689366441490478
 0.1689366441490478
 0.2237149293527276
 0.4384117823491768
 0.2237149293527276
 0.114158358945368
 0.1279985509579881
 0.5341281607439162
 0.2725575556063791
 0.06531573269171646
 0.05428409186360886
 0.6078426198382956
 0.3101729338250219
 0.02770035447307369
 0.01054097795809558
 0.6515857337438088
 0.3324943860100046
 0.005378902288090933
 0.4920400598769065
 0.007959940123093506
 0.007959940123093506
 0.4920400598769065
 0.4590077768316593
 0.04099222316834075
 0.04099222316834075
 0.4590077768316593
 0.4033428581751476
 0.09665714182485244
 0.09665714182485244
 0.4033428581751476
 0.3310633558509522
 0.1689366441490478
 0.1689366441490478
 0.3310633558509522
 0.25
 0.25
 0.25
 0.25
 0.1689366441490478
 0.3310633558509522
 0.3310633558509522
 0.1689366441490478
 0.0966571418248523
 0.4033428581751477
 0.4033428581751477
 0.0966571418248523
 0.04099222316834128
 0.4590077768316587
 0.4590077768316587
 0.04099222316834128
 0.007959940123093256
 0.4920400598769067
 0.4920400598769067
 0.007959940123093256
 0.3324943860100045
 0.005378902288091102
 0.01054097795809591
 0.6515857337438085
 0.3101729338250223
 0.02770035447307334
 0.05428409186360816
 0.6078426198382962
 0.2725575556063791
 0.06531573269171656
 0.1279985509579883
 0.5341281607439161
 0.2237149293527276
 0.114158358945368
 0.2237149293527276
 0.4384117823491768
 0.1689366441490478
 0.1689366441490478
 0.3310633558509522
 0.3310633558509522
 0.114158358945368
 0.2237149293527276
 0.4384117823491768
 0.2237149293527276
 0.06531573269171646
 0.2725575556063791
 0.5341281607439162
 0.1279985509579881
 0.02770035447307369
 0.3101729338250219
 0.6078426198382956
 0.05428409186360886
 0.005378902288090933
 0.3324943860100046
 0.6515857337438088
 0.01054097795809558
 0.1902367434041239
 0.003077540245580725
 0.01284234000060629
 0.793843376349689
 0.1774655191357114
 0.01584876451399323
 0.06613568182268827
 0.7405500345276071
 0.1559438713867061
 0.0373704122629985
 0.1559438713867064
 0.6507418449635891
 0.1279985509579881
 0.06531573269171646
 0.2725575556063791
 0.5341281607439162
 0.0966571418248523
 0.0966571418248523
 0.4033428581751477
 0.4033428581751477
 0.06531573269171646
 0.1279985509579881
 0.5341281607439162
 0.2725575556063791
 0.03737041226299845
 0.1559438713867062
 0.6507418449635892
 0.1559438713867062
 0.01584876451399344
 0.1774655191357112
 0.7405500345276063
 0.06613568182268913
 0.003077540245580628
 0.190236743404124
 0.7938433763496895
 0.01284234000060588
 0.08067926376895262
 0.001305182567729932
 0.01461469767845708
 0.9034008559848603
 0.07526299689555027
 0.006721449441132296
 0.0752629968955492
 0.8427525567677683
 0.0661356818226891
 0.01584876451399346
 0.1774655191357114
 0.740550034527606
 0.05428409186360886
 0.02770035447307369
 0.3101729338250219
 0.6078426198382956
 0.04099222316834128
 0.04099222316834128
 0.4590077768316587
 0.4590077768316587
 0.02770035447307369
 0.05428409186360886
 0.6078426198382956
 0.3101729338250219
 0.01584876451399344
 0.06613568182268913
 0.7405500345276063
 0.1774655191357112
 0.006721449441132382
 0.07526299689555017
 0.8427525567677673
 0.07526299689555017
 0.001305182567729891
 0.08067926376895267
 0.9034008559848609
 0.01461469767845662
 0.01566643765913359
 0.0002534425870529275
 0.01566643765913409
 0.9684136820946794
 0.01461469767845664
 0.001305182567729874
 0.08067926376895163
 0.9034008559848619
 0.01284234000060588
 0.003077540245580633
 0.1902367434041242
 0.7938433763496893
 0.01054097795809558
 0.005378902288090933
 0.3324943860100046
 0.6515857337438088
 0.007959940123093256
 0.007959940123093256
 0.4920400598769067
 0.4920400598769067
 0.005378902288090933
 0.01054097795809558
 0.6515857337438088
 0.3324943860100046
 0.003077540245580628
 0.01284234000060588
 0.7938433763496895
 0.190236743404124
 0.001305182567729891
 0.01461469767845662
 0.9034008559848609
 0.08067926376895267
 0.0002534425870529196
 0.01566643765913359
 0.9684136820946799
 0.01566643765913359


