# Created by Octave 3.8.1, Mon Aug 17 16:45:50 2015 PDT <ataicher@ataicher-Inspiron-7548>
# name: basis
# type: matrix
# ndims: 3
 4 1 25
 0.9083804012656871
 0.04470952170364481
 0.002200555327023207
 0.04470952170364481
 0.7331497981296533
 0.2199401248396786
 0.01082522010747988
 0.03608485692318814
 0.476544961484666
 0.476544961484666
 0.02345503851533401
 0.02345503851533401
 0.2199401248396786
 0.7331497981296533
 0.03608485692318814
 0.01082522010747988
 0.04470952170364486
 0.9083804012656871
 0.04470952170364481
 0.00220055532702321
 0.7331497981296533
 0.03608485692318814
 0.01082522010747988
 0.2199401248396786
 0.591721954534264
 0.1775127005185775
 0.05325264442858108
 0.1775127005185775
 0.3846173275264207
 0.3846173275264207
 0.1153826724735793
 0.1153826724735793
 0.1775127005185775
 0.591721954534264
 0.1775127005185775
 0.05325264442858106
 0.03608485692318818
 0.7331497981296533
 0.2199401248396786
 0.0108252201074799
 0.476544961484666
 0.02345503851533401
 0.02345503851533401
 0.476544961484666
 0.3846173275264207
 0.1153826724735793
 0.1153826724735793
 0.3846173275264207
 0.25
 0.25
 0.25
 0.25
 0.1153826724735793
 0.3846173275264207
 0.3846173275264207
 0.1153826724735793
 0.02345503851533404
 0.476544961484666
 0.476544961484666
 0.02345503851533404
 0.2199401248396786
 0.01082522010747988
 0.03608485692318814
 0.7331497981296533
 0.1775127005185775
 0.05325264442858106
 0.1775127005185775
 0.591721954534264
 0.1153826724735793
 0.1153826724735793
 0.3846173275264207
 0.3846173275264207
 0.05325264442858105
 0.1775127005185775
 0.591721954534264
 0.1775127005185775
 0.01082522010747989
 0.2199401248396786
 0.7331497981296533
 0.03608485692318818
 0.04470952170364486
 0.00220055532702321
 0.04470952170364481
 0.9083804012656871
 0.03608485692318818
 0.0108252201074799
 0.2199401248396786
 0.7331497981296533
 0.02345503851533404
 0.02345503851533404
 0.476544961484666
 0.476544961484666
 0.01082522010747989
 0.03608485692318818
 0.7331497981296533
 0.2199401248396786
 0.002200555327023212
 0.04470952170364486
 0.9083804012656871
 0.04470952170364486


# name: basisDer
# type: matrix
# ndims: 4
 4 2 1 25
 -0.476544961484666
 0.476544961484666
 0.02345503851533401
 -0.02345503851533401
 -0.476544961484666
 -0.02345503851533401
 0.02345503851533401
 0.476544961484666
 -0.476544961484666
 0.476544961484666
 0.02345503851533401
 -0.02345503851533401
 -0.3846173275264207
 -0.1153826724735793
 0.1153826724735793
 0.3846173275264207
 -0.476544961484666
 0.476544961484666
 0.02345503851533401
 -0.02345503851533401
 -0.25
 -0.25
 0.25
 0.25
 -0.476544961484666
 0.476544961484666
 0.02345503851533401
 -0.02345503851533401
 -0.1153826724735793
 -0.3846173275264207
 0.3846173275264207
 0.1153826724735793
 -0.476544961484666
 0.476544961484666
 0.02345503851533401
 -0.02345503851533401
 -0.02345503851533404
 -0.476544961484666
 0.476544961484666
 0.02345503851533404
 -0.3846173275264207
 0.3846173275264207
 0.1153826724735793
 -0.1153826724735793
 -0.476544961484666
 -0.02345503851533401
 0.02345503851533401
 0.476544961484666
 -0.3846173275264207
 0.3846173275264207
 0.1153826724735793
 -0.1153826724735793
 -0.3846173275264207
 -0.1153826724735793
 0.1153826724735793
 0.3846173275264207
 -0.3846173275264207
 0.3846173275264207
 0.1153826724735793
 -0.1153826724735793
 -0.25
 -0.25
 0.25
 0.25
 -0.3846173275264207
 0.3846173275264207
 0.1153826724735793
 -0.1153826724735793
 -0.1153826724735793
 -0.3846173275264207
 0.3846173275264207
 0.1153826724735793
 -0.3846173275264207
 0.3846173275264207
 0.1153826724735793
 -0.1153826724735793
 -0.02345503851533404
 -0.476544961484666
 0.476544961484666
 0.02345503851533404
 -0.25
 0.25
 0.25
 -0.25
 -0.476544961484666
 -0.02345503851533401
 0.02345503851533401
 0.476544961484666
 -0.25
 0.25
 0.25
 -0.25
 -0.3846173275264207
 -0.1153826724735793
 0.1153826724735793
 0.3846173275264207
 -0.25
 0.25
 0.25
 -0.25
 -0.25
 -0.25
 0.25
 0.25
 -0.25
 0.25
 0.25
 -0.25
 -0.1153826724735793
 -0.3846173275264207
 0.3846173275264207
 0.1153826724735793
 -0.25
 0.25
 0.25
 -0.25
 -0.02345503851533404
 -0.476544961484666
 0.476544961484666
 0.02345503851533404
 -0.1153826724735793
 0.1153826724735793
 0.3846173275264207
 -0.3846173275264207
 -0.476544961484666
 -0.02345503851533401
 0.02345503851533401
 0.476544961484666
 -0.1153826724735793
 0.1153826724735793
 0.3846173275264207
 -0.3846173275264207
 -0.3846173275264207
 -0.1153826724735793
 0.1153826724735793
 0.3846173275264207
 -0.1153826724735793
 0.1153826724735793
 0.3846173275264207
 -0.3846173275264207
 -0.25
 -0.25
 0.25
 0.25
 -0.1153826724735793
 0.1153826724735793
 0.3846173275264207
 -0.3846173275264207
 -0.1153826724735793
 -0.3846173275264207
 0.3846173275264207
 0.1153826724735793
 -0.1153826724735793
 0.1153826724735793
 0.3846173275264207
 -0.3846173275264207
 -0.02345503851533404
 -0.476544961484666
 0.476544961484666
 0.02345503851533404
 -0.02345503851533404
 0.02345503851533404
 0.476544961484666
 -0.476544961484666
 -0.476544961484666
 -0.02345503851533401
 0.02345503851533401
 0.476544961484666
 -0.02345503851533404
 0.02345503851533404
 0.476544961484666
 -0.476544961484666
 -0.3846173275264207
 -0.1153826724735793
 0.1153826724735793
 0.3846173275264207
 -0.02345503851533404
 0.02345503851533404
 0.476544961484666
 -0.476544961484666
 -0.25
 -0.25
 0.25
 0.25
 -0.02345503851533404
 0.02345503851533404
 0.476544961484666
 -0.476544961484666
 -0.1153826724735793
 -0.3846173275264207
 0.3846173275264207
 0.1153826724735793
 -0.02345503851533404
 0.02345503851533404
 0.476544961484666
 -0.476544961484666
 -0.02345503851533404
 -0.476544961484666
 0.476544961484666
 0.02345503851533404


# name: edgeBasis
# type: matrix
# ndims: 4
 4 1 5 4
 0.9530899229693319
 0.04691007703066802
 -0
 -0
 0.7692346550528415
 0.2307653449471586
 -0
 -0
 0.5
 0.5
 -0
 -0
 0.2307653449471585
 0.7692346550528415
 -0
 -0
 0.04691007703066807
 0.9530899229693319
 -0
 -0
 -0
 0.9530899229693319
 0.04691007703066802
 -0
 -0
 0.7692346550528415
 0.2307653449471586
 -0
 -0
 0.5
 0.5
 -0
 -0
 0.2307653449471585
 0.7692346550528415
 -0
 -0
 0.04691007703066807
 0.9530899229693319
 -0
 -0
 -0
 0.9530899229693319
 0.04691007703066802
 -0
 -0
 0.7692346550528415
 0.2307653449471586
 -0
 -0
 0.5
 0.5
 -0
 -0
 0.2307653449471585
 0.7692346550528415
 -0
 -0
 0.04691007703066807
 0.9530899229693319
 0.04691007703066802
 -0
 -0
 0.9530899229693319
 0.2307653449471586
 -0
 -0
 0.7692346550528415
 0.5
 -0
 -0
 0.5
 0.7692346550528415
 -0
 -0
 0.2307653449471585
 0.9530899229693319
 -0
 -0
 0.04691007703066807


