# Created by Octave 3.8.1, Mon Aug 17 16:45:50 2015 PDT <ataicher@ataicher-Inspiron-7548>
# name: basis
# type: matrix
# ndims: 3
 4 1 16
 0.8659570925834789
 0.06461106321354751
 0.004820780989425984
 0.06461106321354751
 0.6234718442658673
 0.3070963115311591
 0.02291316667641271
 0.04651867752656078
 0.3070963115311591
 0.6234718442658673
 0.04651867752656078
 0.02291316667641271
 0.06461106321354755
 0.8659570925834789
 0.06461106321354751
 0.004820780989425988
 0.6234718442658673
 0.04651867752656078
 0.02291316667641271
 0.3070963115311591
 0.4488872992916901
 0.221103222500738
 0.1089062557068338
 0.221103222500738
 0.221103222500738
 0.4488872992916901
 0.221103222500738
 0.1089062557068338
 0.04651867752656082
 0.6234718442658673
 0.3070963115311591
 0.02291316667641272
 0.3070963115311591
 0.02291316667641271
 0.04651867752656078
 0.6234718442658673
 0.221103222500738
 0.1089062557068338
 0.221103222500738
 0.4488872992916901
 0.1089062557068338
 0.221103222500738
 0.4488872992916901
 0.221103222500738
 0.02291316667641272
 0.3070963115311591
 0.6234718442658673
 0.04651867752656082
 0.06461106321354755
 0.004820780989425988
 0.06461106321354751
 0.8659570925834789
 0.04651867752656082
 0.02291316667641272
 0.3070963115311591
 0.6234718442658673
 0.02291316667641272
 0.04651867752656082
 0.6234718442658673
 0.3070963115311591
 0.004820780989425991
 0.06461106321354755
 0.8659570925834789
 0.06461106321354755


# name: basisDer
# type: matrix
# ndims: 4
 4 2 1 16
 -0.4652840778985132
 0.4652840778985132
 0.03471592210148675
 -0.03471592210148675
 -0.4652840778985132
 -0.03471592210148675
 0.03471592210148675
 0.4652840778985132
 -0.4652840778985132
 0.4652840778985132
 0.03471592210148675
 -0.03471592210148675
 -0.3349952608962141
 -0.1650047391037859
 0.1650047391037859
 0.3349952608962141
 -0.4652840778985132
 0.4652840778985132
 0.03471592210148675
 -0.03471592210148675
 -0.1650047391037859
 -0.3349952608962141
 0.3349952608962141
 0.1650047391037859
 -0.4652840778985132
 0.4652840778985132
 0.03471592210148675
 -0.03471592210148675
 -0.03471592210148677
 -0.4652840778985132
 0.4652840778985132
 0.03471592210148677
 -0.3349952608962141
 0.3349952608962141
 0.1650047391037859
 -0.1650047391037859
 -0.4652840778985132
 -0.03471592210148675
 0.03471592210148675
 0.4652840778985132
 -0.3349952608962141
 0.3349952608962141
 0.1650047391037859
 -0.1650047391037859
 -0.3349952608962141
 -0.1650047391037859
 0.1650047391037859
 0.3349952608962141
 -0.3349952608962141
 0.3349952608962141
 0.1650047391037859
 -0.1650047391037859
 -0.1650047391037859
 -0.3349952608962141
 0.3349952608962141
 0.1650047391037859
 -0.3349952608962141
 0.3349952608962141
 0.1650047391037859
 -0.1650047391037859
 -0.03471592210148677
 -0.4652840778985132
 0.4652840778985132
 0.03471592210148677
 -0.1650047391037859
 0.1650047391037859
 0.3349952608962141
 -0.3349952608962141
 -0.4652840778985132
 -0.03471592210148675
 0.03471592210148675
 0.4652840778985132
 -0.1650047391037859
 0.1650047391037859
 0.3349952608962141
 -0.3349952608962141
 -0.3349952608962141
 -0.1650047391037859
 0.1650047391037859
 0.3349952608962141
 -0.1650047391037859
 0.1650047391037859
 0.3349952608962141
 -0.3349952608962141
 -0.1650047391037859
 -0.3349952608962141
 0.3349952608962141
 0.1650047391037859
 -0.1650047391037859
 0.1650047391037859
 0.3349952608962141
 -0.3349952608962141
 -0.03471592210148677
 -0.4652840778985132
 0.4652840778985132
 0.03471592210148677
 -0.03471592210148677
 0.03471592210148677
 0.4652840778985132
 -0.4652840778985132
 -0.4652840778985132
 -0.03471592210148675
 0.03471592210148675
 0.4652840778985132
 -0.03471592210148677
 0.03471592210148677
 0.4652840778985132
 -0.4652840778985132
 -0.3349952608962141
 -0.1650047391037859
 0.1650047391037859
 0.3349952608962141
 -0.03471592210148677
 0.03471592210148677
 0.4652840778985132
 -0.4652840778985132
 -0.1650047391037859
 -0.3349952608962141
 0.3349952608962141
 0.1650047391037859
 -0.03471592210148677
 0.03471592210148677
 0.4652840778985132
 -0.4652840778985132
 -0.03471592210148677
 -0.4652840778985132
 0.4652840778985132
 0.03471592210148677


# name: edgeBasis
# type: matrix
# ndims: 4
 4 1 4 4
 0.9305681557970265
 0.06943184420297349
 -0
 -0
 0.6699905217924281
 0.3300094782075719
 -0
 -0
 0.3300094782075719
 0.6699905217924281
 -0
 -0
 0.06943184420297355
 0.9305681557970265
 -0
 -0
 -0
 0.9305681557970265
 0.06943184420297349
 -0
 -0
 0.6699905217924281
 0.3300094782075719
 -0
 -0
 0.3300094782075719
 0.6699905217924281
 -0
 -0
 0.06943184420297355
 0.9305681557970265
 -0
 -0
 -0
 0.9305681557970265
 0.06943184420297349
 -0
 -0
 0.6699905217924281
 0.3300094782075719
 -0
 -0
 0.3300094782075719
 0.6699905217924281
 -0
 -0
 0.06943184420297355
 0.9305681557970265
 0.06943184420297349
 -0
 -0
 0.9305681557970265
 0.3300094782075719
 -0
 -0
 0.6699905217924281
 0.6699905217924281
 -0
 -0
 0.3300094782075719
 0.9305681557970265
 -0
 -0
 0.06943184420297355


