# Created by Octave 3.8.1, Mon Aug 17 16:45:50 2015 PDT <ataicher@ataicher-Inspiron-7548>
# name: basis
# type: matrix
# ndims: 3
 8 2 16
 0.8659570925834789
 0
 0.06461106321354751
 0
 0.004820780989425984
 0
 0.06461106321354751
 0
 0
 0.8659570925834789
 0
 0.06461106321354751
 0
 0.004820780989425984
 0
 0.06461106321354751
 0.6234718442658673
 0
 0.3070963115311591
 0
 0.02291316667641271
 0
 0.04651867752656078
 0
 0
 0.6234718442658673
 0
 0.3070963115311591
 0
 0.02291316667641271
 0
 0.04651867752656078
 0.3070963115311591
 0
 0.6234718442658673
 0
 0.04651867752656078
 0
 0.02291316667641271
 0
 0
 0.3070963115311591
 0
 0.6234718442658673
 0
 0.04651867752656078
 0
 0.02291316667641271
 0.06461106321354755
 0
 0.8659570925834789
 0
 0.06461106321354751
 0
 0.004820780989425988
 0
 0
 0.06461106321354755
 0
 0.8659570925834789
 0
 0.06461106321354751
 0
 0.004820780989425988
 0.6234718442658673
 0
 0.04651867752656078
 0
 0.02291316667641271
 0
 0.3070963115311591
 0
 0
 0.6234718442658673
 0
 0.04651867752656078
 0
 0.02291316667641271
 0
 0.3070963115311591
 0.4488872992916901
 0
 0.221103222500738
 0
 0.1089062557068338
 0
 0.221103222500738
 0
 0
 0.4488872992916901
 0
 0.221103222500738
 0
 0.1089062557068338
 0
 0.221103222500738
 0.221103222500738
 0
 0.4488872992916901
 0
 0.221103222500738
 0
 0.1089062557068338
 0
 0
 0.221103222500738
 0
 0.4488872992916901
 0
 0.221103222500738
 0
 0.1089062557068338
 0.04651867752656082
 0
 0.6234718442658673
 0
 0.3070963115311591
 0
 0.02291316667641272
 0
 0
 0.04651867752656082
 0
 0.6234718442658673
 0
 0.3070963115311591
 0
 0.02291316667641272
 0.3070963115311591
 0
 0.02291316667641271
 0
 0.04651867752656078
 0
 0.6234718442658673
 0
 0
 0.3070963115311591
 0
 0.02291316667641271
 0
 0.04651867752656078
 0
 0.6234718442658673
 0.221103222500738
 0
 0.1089062557068338
 0
 0.221103222500738
 0
 0.4488872992916901
 0
 0
 0.221103222500738
 0
 0.1089062557068338
 0
 0.221103222500738
 0
 0.4488872992916901
 0.1089062557068338
 0
 0.221103222500738
 0
 0.4488872992916901
 0
 0.221103222500738
 0
 0
 0.1089062557068338
 0
 0.221103222500738
 0
 0.4488872992916901
 0
 0.221103222500738
 0.02291316667641272
 0
 0.3070963115311591
 0
 0.6234718442658673
 0
 0.04651867752656082
 0
 0
 0.02291316667641272
 0
 0.3070963115311591
 0
 0.6234718442658673
 0
 0.04651867752656082
 0.06461106321354755
 0
 0.004820780989425988
 0
 0.06461106321354751
 0
 0.8659570925834789
 0
 0
 0.06461106321354755
 0
 0.004820780989425988
 0
 0.06461106321354751
 0
 0.8659570925834789
 0.04651867752656082
 0
 0.02291316667641272
 0
 0.3070963115311591
 0
 0.6234718442658673
 0
 0
 0.04651867752656082
 0
 0.02291316667641272
 0
 0.3070963115311591
 0
 0.6234718442658673
 0.02291316667641272
 0
 0.04651867752656082
 0
 0.6234718442658673
 0
 0.3070963115311591
 0
 0
 0.02291316667641272
 0
 0.04651867752656082
 0
 0.6234718442658673
 0
 0.3070963115311591
 0.004820780989425991
 0
 0.06461106321354755
 0
 0.8659570925834789
 0
 0.06461106321354755
 0
 0
 0.004820780989425991
 0
 0.06461106321354755
 0
 0.8659570925834789
 0
 0.06461106321354755


# name: basisDer
# type: matrix
# ndims: 4
 8 2 2 16
 -0.4652840778985132
 0
 0.4652840778985132
 0
 0.03471592210148675
 0
 -0.03471592210148675
 0
 -0.4652840778985132
 0
 -0.03471592210148675
 0
 0.03471592210148675
 0
 0.4652840778985132
 0
 0
 -0.4652840778985132
 0
 0.4652840778985132
 0
 0.03471592210148675
 0
 -0.03471592210148675
 0
 -0.4652840778985132
 0
 -0.03471592210148675
 0
 0.03471592210148675
 0
 0.4652840778985132
 -0.4652840778985132
 0
 0.4652840778985132
 0
 0.03471592210148675
 0
 -0.03471592210148675
 0
 -0.3349952608962141
 0
 -0.1650047391037859
 0
 0.1650047391037859
 0
 0.3349952608962141
 0
 0
 -0.4652840778985132
 0
 0.4652840778985132
 0
 0.03471592210148675
 0
 -0.03471592210148675
 0
 -0.3349952608962141
 0
 -0.1650047391037859
 0
 0.1650047391037859
 0
 0.3349952608962141
 -0.4652840778985132
 0
 0.4652840778985132
 0
 0.03471592210148675
 0
 -0.03471592210148675
 0
 -0.1650047391037859
 0
 -0.3349952608962141
 0
 0.3349952608962141
 0
 0.1650047391037859
 0
 0
 -0.4652840778985132
 0
 0.4652840778985132
 0
 0.03471592210148675
 0
 -0.03471592210148675
 0
 -0.1650047391037859
 0
 -0.3349952608962141
 0
 0.3349952608962141
 0
 0.1650047391037859
 -0.4652840778985132
 0
 0.4652840778985132
 0
 0.03471592210148675
 0
 -0.03471592210148675
 0
 -0.03471592210148677
 0
 -0.4652840778985132
 0
 0.4652840778985132
 0
 0.03471592210148677
 0
 0
 -0.4652840778985132
 0
 0.4652840778985132
 0
 0.03471592210148675
 0
 -0.03471592210148675
 0
 -0.03471592210148677
 0
 -0.4652840778985132
 0
 0.4652840778985132
 0
 0.03471592210148677
 -0.3349952608962141
 0
 0.3349952608962141
 0
 0.1650047391037859
 0
 -0.1650047391037859
 0
 -0.4652840778985132
 0
 -0.03471592210148675
 0
 0.03471592210148675
 0
 0.4652840778985132
 0
 0
 -0.3349952608962141
 0
 0.3349952608962141
 0
 0.1650047391037859
 0
 -0.1650047391037859
 0
 -0.4652840778985132
 0
 -0.03471592210148675
 0
 0.03471592210148675
 0
 0.4652840778985132
 -0.3349952608962141
 0
 0.3349952608962141
 0
 0.1650047391037859
 0
 -0.1650047391037859
 0
 -0.3349952608962141
 0
 -0.1650047391037859
 0
 0.1650047391037859
 0
 0.3349952608962141
 0
 0
 -0.3349952608962141
 0
 0.3349952608962141
 0
 0.1650047391037859
 0
 -0.1650047391037859
 0
 -0.3349952608962141
 0
 -0.1650047391037859
 0
 0.1650047391037859
 0
 0.3349952608962141
 -0.3349952608962141
 0
 0.3349952608962141
 0
 0.1650047391037859
 0
 -0.1650047391037859
 0
 -0.1650047391037859
 0
 -0.3349952608962141
 0
 0.3349952608962141
 0
 0.1650047391037859
 0
 0
 -0.3349952608962141
 0
 0.3349952608962141
 0
 0.1650047391037859
 0
 -0.1650047391037859
 0
 -0.1650047391037859
 0
 -0.3349952608962141
 0
 0.3349952608962141
 0
 0.1650047391037859
 -0.3349952608962141
 0
 0.3349952608962141
 0
 0.1650047391037859
 0
 -0.1650047391037859
 0
 -0.03471592210148677
 0
 -0.4652840778985132
 0
 0.4652840778985132
 0
 0.03471592210148677
 0
 0
 -0.3349952608962141
 0
 0.3349952608962141
 0
 0.1650047391037859
 0
 -0.1650047391037859
 0
 -0.03471592210148677
 0
 -0.4652840778985132
 0
 0.4652840778985132
 0
 0.03471592210148677
 -0.1650047391037859
 0
 0.1650047391037859
 0
 0.3349952608962141
 0
 -0.3349952608962141
 0
 -0.4652840778985132
 0
 -0.03471592210148675
 0
 0.03471592210148675
 0
 0.4652840778985132
 0
 0
 -0.1650047391037859
 0
 0.1650047391037859
 0
 0.3349952608962141
 0
 -0.3349952608962141
 0
 -0.4652840778985132
 0
 -0.03471592210148675
 0
 0.03471592210148675
 0
 0.4652840778985132
 -0.1650047391037859
 0
 0.1650047391037859
 0
 0.3349952608962141
 0
 -0.3349952608962141
 0
 -0.3349952608962141
 0
 -0.1650047391037859
 0
 0.1650047391037859
 0
 0.3349952608962141
 0
 0
 -0.1650047391037859
 0
 0.1650047391037859
 0
 0.3349952608962141
 0
 -0.3349952608962141
 0
 -0.3349952608962141
 0
 -0.1650047391037859
 0
 0.1650047391037859
 0
 0.3349952608962141
 -0.1650047391037859
 0
 0.1650047391037859
 0
 0.3349952608962141
 0
 -0.3349952608962141
 0
 -0.1650047391037859
 0
 -0.3349952608962141
 0
 0.3349952608962141
 0
 0.1650047391037859
 0
 0
 -0.1650047391037859
 0
 0.1650047391037859
 0
 0.3349952608962141
 0
 -0.3349952608962141
 0
 -0.1650047391037859
 0
 -0.3349952608962141
 0
 0.3349952608962141
 0
 0.1650047391037859
 -0.1650047391037859
 0
 0.1650047391037859
 0
 0.3349952608962141
 0
 -0.3349952608962141
 0
 -0.03471592210148677
 0
 -0.4652840778985132
 0
 0.4652840778985132
 0
 0.03471592210148677
 0
 0
 -0.1650047391037859
 0
 0.1650047391037859
 0
 0.3349952608962141
 0
 -0.3349952608962141
 0
 -0.03471592210148677
 0
 -0.4652840778985132
 0
 0.4652840778985132
 0
 0.03471592210148677
 -0.03471592210148677
 0
 0.03471592210148677
 0
 0.4652840778985132
 0
 -0.4652840778985132
 0
 -0.4652840778985132
 0
 -0.03471592210148675
 0
 0.03471592210148675
 0
 0.4652840778985132
 0
 0
 -0.03471592210148677
 0
 0.03471592210148677
 0
