# Created by Octave 3.8.1, Mon Aug 17 16:45:52 2015 PDT <ataicher@ataicher-Inspiron-7548>
# name: basis
# type: matrix
# ndims: 3
 4 1 121
 0.9783471559775705
 0.01076717309544951
 0.0001184978315304978
 0.01076717309544951
 0.9332603286442164
 0.05585400042880358
 0.0006146996871364408
 0.01027097123984357
 0.8556590705884115
 0.1334552584846085
 0.00146873822837042
 0.009416932698609586
 0.7512798743189086
 0.2378344547541114
 0.00261748064248278
 0.008268190284497228
 0.627861663464524
 0.361252665608496
 0.003975756415331564
 0.006909914511648443
 0.49455716453651
 0.49455716453651
 0.005442835463490003
 0.005442835463490003
 0.361252665608496
 0.627861663464524
 0.006909914511648443
 0.003975756415331564
 0.2378344547541114
 0.7512798743189086
 0.008268190284497228
 0.00261748064248278
 0.1334552584846046
 0.8556590705884154
 0.00941693269860963
 0.001468738228370377
 0.05585400042881692
 0.9332603286442031
 0.01027097123984342
 0.0006146996871365877
 0.01076717309544061
 0.9783471559775794
 0.01076717309544961
 0.0001184978315303999
 0.9332603286442164
 0.01027097123984357
 0.0006146996871364408
 0.05585400042880358
 0.8902513138609038
 0.05327998602315605
 0.003188714092783964
 0.05327998602315605
 0.8162262858799103
 0.1273050140041496
 0.007618982708829282
 0.04884971740711073
 0.7166573727196734
 0.2268739271643865
 0.01357800823220766
 0.04289069188373236
 0.5989268520973139
 0.344604447786746
 0.0206239742370815
 0.03584472587885851
 0.47176564994203
 0.47176564994203
 0.02823435005797001
 0.02823435005797001
 0.344604447786746
 0.5989268520973139
 0.03584472587885851
 0.0206239742370815
 0.2268739271643865
 0.7166573727196734
 0.04289069188373236
 0.01357800823220766
 0.1273050140041459
 0.8162262858799141
 0.04884971740711096
 0.007618982708829059
 0.05327998602316878
 0.8902513138608912
 0.05327998602315529
 0.003188714092784726
 0.01027097123983508
 0.9332603286442248
 0.05585400042880408
 0.000614699687135933
 0.8556590705884115
 0.009416932698609586
 0.00146873822837042
 0.1334552584846085
 0.8162262858799103
 0.04884971740711073
 0.007618982708829282
 0.1273050140041496
 0.7483564914630461
 0.1167195118239749
 0.01820448488900394
 0.1167195118239749
 0.6570668040315064
 0.2080091992555147
 0.03244273614107949
 0.1024812605718994
 0.5491256596758229
 0.3159503436111982
 0.04927807841262937
 0.08564591830034951
 0.4325380016435105
 0.4325380016435105
 0.06746199835648944
 0.06746199835648944
 0.3159503436111982
 0.5491256596758229
 0.08564591830034951
 0.04927807841262937
 0.2080091992555147
 0.6570668040315064
 0.1024812605718994
 0.03244273614107948
 0.1167195118239715
 0.7483564914630495
 0.1167195118239755
 0.01820448488900341
 0.04884971740712241
 0.8162262858798986
 0.1273050140041478
 0.007618982708831101
 0.009416932698601806
 0.8556590705884193
 0.1334552584846097
 0.001468738228369207
 0.7512798743189086
 0.008268190284497228
 0.00261748064248278
 0.2378344547541114
 0.7166573727196734
 0.04289069188373236
 0.01357800823220766
 0.2268739271643865
 0.6570668040315064
 0.1024812605718994
 0.03244273614107949
 0.2080091992555147
 0.5769132624427796
 0.1826348021606263
 0.05781713323596791
 0.1826348021606263
 0.4821395235170517
 0.2774085410863542
 0.08781988093747342
 0.1526320544591208
 0.3797740323017029
 0.3797740323017029
 0.1202259676982971
 0.1202259676982971
 0.2774085410863542
 0.4821395235170517
 0.1526320544591208
 0.08781988093747342
 0.1826348021606263
 0.5769132624427796
 0.1826348021606263
 0.0578171332359679
 0.1024812605718964
 0.6570668040315094
 0.2080091992555157
 0.03244273614107854
 0.04289069188374261
 0.7166573727196632
 0.2268739271643833
 0.0135780082322109
 0.008268190284490396
 0.7512798743189154
 0.2378344547541136
 0.002617480642480618
 0.627861663464524
 0.006909914511648443
 0.003975756415331564
 0.361252665608496
 0.5989268520973139
 0.03584472587885851
 0.0206239742370815
 0.344604447786746
 0.5491256596758229
 0.08564591830034951
 0.04927807841262937
 0.3159503436111982
 0.4821395235170517
 0.1526320544591208
 0.08781988093747342
 0.2774085410863542
 0.40293495620636
 0.2318366217698125
 0.1333918002540151
 0.2318366217698125
 0.3173857889880862
 0.3173857889880862
 0.1826142110119138
 0.1826142110119138
 0.2318366217698125
 0.40293495620636
 0.2318366217698125
 0.1333918002540151
 0.1526320544591208
 0.4821395235170517
 0.2774085410863542
 0.08781988093747341
 0.08564591830034701
 0.5491256596758255
 0.3159503436111996
 0.04927807841262793
 0.03584472587886708
 0.5989268520973053
 0.3446044477867411
 0.02062397423708643
 0.006909914511642735
 0.6278616634645298
 0.3612526656084993
 0.003975756415328279
 0.49455716453651
 0.005442835463490003
 0.005442835463490003
 0.49455716453651
 0.47176564994203
 0.02823435005797001
 0.02823435005797001
 0.47176564994203
 0.4325380016435105
 0.06746199835648944
 0.06746199835648944
 0.4325380016435105
 0.3797740323017029
 0.1202259676982971
 0.1202259676982971
 0.3797740323017029
 0.3173857889880862
 0.1826142110119138
 0.1826142110119138
 0.3173857889880862
 0.25
 0.25
 0.25
 0.25
 0.1826142110119138
 0.3173857889880862
 0.3173857889880862
 0.1826142110119138
 0.1202259676982971
 0.3797740323017029
 0.3797740323017029
 0.1202259676982971
 0.06746199835648747
 0.4325380016435125
 0.4325380016435125
 0.06746199835648747
 0.02823435005797675
 0.4717656499420232
 0.4717656499420232
 0.02823435005797675
 0.005442835463485507
 0.4945571645365145
 0.4945571645365145
 0.005442835463485507
 0.361252665608496
 0.003975756415331564
 0.006909914511648443
 0.627861663464524
 0.344604447786746
 0.0206239742370815
 0.03584472587885851
 0.5989268520973139
 0.3159503436111982
 0.04927807841262937
 0.08564591830034951
 0.5491256596758229
 0.2774085410863542
 0.08781988093747342
 0.1526320544591208
 0.4821395235170517
 0.2318366217698125
 0.1333918002540151
 0.2318366217698125
 0.40293495620636
 0.1826142110119138
 0.1826142110119138
 0.3173857889880862
 0.3173857889880862
 0.1333918002540151
 0.2318366217698125
 0.40293495620636
 0.2318366217698125
 0.08781988093747341
 0.2774085410863542
 0.4821395235170517
 0.1526320544591208
 0.04927807841262793
 0.3159503436111996
 0.5491256596758255
 0.08564591830034701
 0.02062397423708643
 0.3446044477867411
 0.5989268520973053
 0.03584472587886708
 0.003975756415328279
 0.3612526656084993
 0.6278616634645298
 0.006909914511642735
 0.2378344547541114
 0.00261748064248278
 0.008268190284497228
 0.7512798743189086
 0.2268739271643865
 0.01357800823220766
 0.04289069188373236
 0.7166573727196734
 0.2080091992555147
 0.03244273614107948
 0.1024812605718994
 0.6570668040315064
 0.1826348021606263
 0.0578171332359679
 0.1826348021606263
 0.5769132624427796
 0.1526320544591208
 0.08781988093747341
 0.2774085410863542
 0.4821395235170517
 0.1202259676982971
 0.1202259676982971
 0.3797740323017029
 0.3797740323017029
 0.08781988093747341
 0.1526320544591208
 0.4821395235170517
 0.2774085410863542
 0.05781713323596789
 0.1826348021606263
 0.5769132624427796
 0.1826348021606263
 0.03244273614107853
 0.2080091992555156
 0.6570668040315094
 0.1024812605718964
 0.0135780082322109
 0.2268739271643833
 0.7166573727196632
 0.04289069188374261
 0.002617480642480617
 0.2378344547541135
 0.7512798743189154
 0.008268190284490396
 0.1334552584846046
 0.001468738228370377
 0.00941693269860963
 0.8556590705884154
 0.1273050140041459
 0.007618982708829059
 0.04884971740711096
 0.8162262858799141
 0.1167195118239715
 0.01820448488900341
 0.1167195118239755
 0.7483564914630495
 0.1024812605718964
 0.03244273614107854
 0.2080091992555157
 0.6570668040315094
 0.08564591830034701
 0.04927807841262793
 0.3159503436111996
 0.5491256596758255
 0.06746199835648747
 0.06746199835648747
 0.4325380016435125
 0.4325380016435125
 0.04927807841262793
 0.08564591830034701
 0.5491256596758255
 0.3159503436111996
 0.03244273614107853
 0.1024812605718964
 0.6570668040315094
 0.2080091992555156
 0.01820448488900287
 0.1167195118239721
 0.7483564914630529
