# Created by Octave 3.8.1, Mon Aug 17 16:45:50 2015 PDT <ataicher@ataicher-Inspiron-7548>
# name: basis
# type: matrix
# ndims: 3
 4 2 4
 0
 0.1056624327025936
 0
 -0.3943375672974064
 -0.3943375672974064
 0
 0.1056624327025936
 0
 0
 0.3943375672974064
 0
 -0.1056624327025936
 -0.3943375672974064
 0
 0.1056624327025936
 0
 0
 0.1056624327025936
 0
 -0.3943375672974064
 -0.1056624327025936
 0
 0.3943375672974064
 0
 0
 0.3943375672974064
 0
 -0.1056624327025936
 -0.1056624327025936
 0
 0.3943375672974064
 0


# name: basisDer
# type: matrix
# ndims: 4
 4 2 2 4
 0
 0.25
 0
 0.25
 0
 0
 0
 0
 0
 0
 0
 0
 0.25
 0
 0.25
 0
 0
 0.25
 0
 0.25
 0
 0
 0
 0
 0
 0
 0
 0
 0.25
 0
 0.25
 0
 0
 0.25
 0
 0.25
 0
 0
 0
 0
 0
 0
 0
 0
 0.25
 0
 0.25
 0
 0
 0.25
 0
 0.25
 0
 0
 0
 0
 0
 0
 0
 0
 0.25
 0
 0.25
 0


# name: edgeBasis
# type: matrix
# ndims: 4
 4 2 2 4
 0
 0.1056624327025936
 0
 -0.3943375672974064
 -0.5
 0
 0
 0
 0
 0.3943375672974064
 0
 -0.1056624327025936
 -0.5
 0
 0
 0
 0
 0.5
 0
 0
 -0.3943375672974064
 0
 0.1056624327025936
 0
 0
 0.5
 0
 0
 -0.1056624327025936
 0
 0.3943375672974064
 0
 0
 0.3943375672974064
 0
 -0.1056624327025936
 0
 0
 0.5
 0
 0
 0.1056624327025936
 0
 -0.3943375672974064
 0
 0
 0.5
 0
 0
 0
 0
 -0.5
 -0.1056624327025936
 0
 0.3943375672974064
 0
 0
 0
 0
 -0.5
 -0.3943375672974064
 0
 0.1056624327025936
 0


