# Created by Octave 3.8.1, Mon Aug 17 16:45:50 2015 PDT <ataicher@ataicher-Inspiron-7548>
# name: basis
# type: matrix
# ndims: 3
 4 2 49
 0
 0.01272302191431024
 0
 -0.4872769780856898
 -0.4872769780856898
 0
 0.01272302191431024
 0
 0
 0.06461720360015158
 0
 -0.4353827963998484
 -0.4872769780856898
 0
 0.01272302191431024
 0
 0
 0.1485387121556507
 0
 -0.3514612878443493
 -0.4872769780856898
 0
 0.01272302191431024
 0
 0
 0.25
 0
 -0.25
 -0.4872769780856898
 0
 0.01272302191431024
 0
 0
 0.3514612878443493
 0
 -0.1485387121556507
 -0.4872769780856898
 0
 0.01272302191431024
 0
 0
 0.4353827963998486
 0
 -0.06461720360015138
 -0.4872769780856898
 0
 0.01272302191431024
 0
 0
 0.4872769780856898
 0
 -0.01272302191431024
 -0.4872769780856898
 0
 0.01272302191431024
 0
 0
 0.01272302191431024
 0
 -0.4872769780856898
 -0.4353827963998484
 0
 0.06461720360015158
 0
 0
 0.06461720360015158
 0
 -0.4353827963998484
 -0.4353827963998484
 0
 0.06461720360015158
 0
 0
 0.1485387121556507
 0
 -0.3514612878443493
 -0.4353827963998484
 0
 0.06461720360015158
 0
 0
 0.25
 0
 -0.25
 -0.4353827963998484
 0
 0.06461720360015158
 0
 0
 0.3514612878443493
 0
 -0.1485387121556507
 -0.4353827963998484
 0
 0.06461720360015158
 0
 0
 0.4353827963998486
 0
 -0.06461720360015138
 -0.4353827963998484
 0
 0.06461720360015158
 0
 0
 0.4872769780856898
 0
 -0.01272302191431024
 -0.4353827963998484
 0
 0.06461720360015158
 0
 0
 0.01272302191431024
 0
 -0.4872769780856898
 -0.3514612878443493
 0
 0.1485387121556507
 0
 0
 0.06461720360015158
 0
 -0.4353827963998484
 -0.3514612878443493
 0
 0.1485387121556507
 0
 0
 0.1485387121556507
 0
 -0.3514612878443493
 -0.3514612878443493
 0
 0.1485387121556507
 0
 0
 0.25
 0
 -0.25
 -0.3514612878443493
 0
 0.1485387121556507
 0
 0
 0.3514612878443493
 0
 -0.1485387121556507
 -0.3514612878443493
 0
 0.1485387121556507
 0
 0
 0.4353827963998486
 0
 -0.06461720360015138
 -0.3514612878443493
 0
 0.1485387121556507
 0
 0
 0.4872769780856898
 0
 -0.01272302191431024
 -0.3514612878443493
 0
 0.1485387121556507
 0
 0
 0.01272302191431024
 0
 -0.4872769780856898
 -0.25
 0
 0.25
 0
 0
 0.06461720360015158
 0
 -0.4353827963998484
 -0.25
 0
 0.25
 0
 0
 0.1485387121556507
 0
 -0.3514612878443493
 -0.25
 0
 0.25
 0
 0
 0.25
 0
 -0.25
 -0.25
 0
 0.25
 0
 0
 0.3514612878443493
 0
 -0.1485387121556507
 -0.25
 0
 0.25
 0
 0
 0.4353827963998486
 0
 -0.06461720360015138
 -0.25
 0
 0.25
 0
 0
 0.4872769780856898
 0
 -0.01272302191431024
 -0.25
 0
 0.25
 0
 0
 0.01272302191431024
 0
 -0.4872769780856898
 -0.1485387121556507
 0
 0.3514612878443493
 0
 0
 0.06461720360015158
 0
 -0.4353827963998484
 -0.1485387121556507
 0
 0.3514612878443493
 0
 0
 0.1485387121556507
 0
 -0.3514612878443493
 -0.1485387121556507
 0
 0.3514612878443493
 0
 0
 0.25
 0
 -0.25
 -0.1485387121556507
 0
 0.3514612878443493
 0
 0
 0.3514612878443493
 0
 -0.1485387121556507
 -0.1485387121556507
 0
 0.3514612878443493
 0
 0
 0.4353827963998486
 0
 -0.06461720360015138
 -0.1485387121556507
 0
 0.3514612878443493
 0
 0
 0.4872769780856898
 0
 -0.01272302191431024
 -0.1485387121556507
 0
 0.3514612878443493
 0
 0
 0.01272302191431024
 0
 -0.4872769780856898
 -0.06461720360015138
 0
 0.4353827963998486
 0
 0
 0.06461720360015158
 0
 -0.4353827963998484
 -0.06461720360015138
 0
 0.4353827963998486
 0
 0
 0.1485387121556507
 0
 -0.3514612878443493
 -0.06461720360015138
 0
 0.4353827963998486
 0
 0
 0.25
 0
 -0.25
 -0.06461720360015138
 0
 0.4353827963998486
 0
 0
 0.3514612878443493
 0
 -0.1485387121556507
 -0.06461720360015138
 0
 0.4353827963998486
 0
 0
 0.4353827963998486
 0
 -0.06461720360015138
 -0.06461720360015138
 0
 0.4353827963998486
 0
 0
 0.4872769780856898
 0
 -0.01272302191431024
 -0.06461720360015138
 0
 0.4353827963998486
 0
 0
 0.01272302191431024
 0
 -0.4872769780856898
 -0.01272302191431024
 0
 0.4872769780856898
 0
 0
 0.06461720360015158
 0
 -0.4353827963998484
 -0.01272302191431024
 0
 0.4872769780856898
 0
 0
 0.1485387121556507
 0
 -0.3514612878443493
 -0.01272302191431024
 0
 0.4872769780856898
 0
 0
 0.25
 0
 -0.25
 -0.01272302191431024
 0
 0.4872769780856898
 0
 0
 0.3514612878443493
 0
 -0.1485387121556507
 -0.01272302191431024
 0
 0.4872769780856898
 0
 0
 0.4353827963998486
 0
 -0.06461720360015138
 -0.01272302191431024
 0
 0.4872769780856898
 0
 0
 0.4872769780856898
 0
 -0.01272302191431024
 -0.01272302191431024
 0
 0.4872769780856898
 0


# name: basisDer
# type: matrix
# ndims: 4
 4 2 2 49
 0
 0.25
 0
 0.25
 0
 0
 0
 0
 0
 0
 0
 0
 0.25
 0
 0.25
 0
 0
 0.25
 0
 0.25
 0
 0
 0
 0
 0
 0
 0
 0
 0.25
 0
 0.25
 0
 0
 0.25
 0
 0.25
 0
 0
 0
 0
 0
 0
 0
 0
 0.25
 0
 0.25
 0
 0
 0.25
 0
 0.25
 0
 0
 0
 0
 0
 0
 0
 0
 0.25
 0
 0.25
 0
 0
 0.25
 0
 0.25
 0
 0
 0
 0
 0
 0
 0
 0
 0.25
 0
 0.25
 0
 0
 0.25
 0
 0.25
 0
 0
 0
 0
 0
 0
 0
 0
 0.25
 0
 0.25
 0
 0
 0.25
 0
 0.25
 0
 0
 0
 0
 0
 0
 0
 0
 0.25
 0
 0.25
 0
 0
 0.25
 0
 0.25
 0
 0
 0
 0
 0
 0
 0
 0
 0.25
 0
 0.25
 0
 0
 0.25
 0
 0.25
 0
 0
 0
 0
 0
 0
 0
 0
 0.25
 0
 0.25
 0
 0
 0.25
 0
 0.25
 0
 0
 0
 0
 0
 0
 0
 0
 0.25
 0
 0.25
 0
 0
 0.25
 0
 0.25
 0
 0
 0
 0
 0
 0
 0
 0
 0.25
 0
 0.25
 0
 0
 0.25
 0
 0.25
 0
 0
 0
 0
 0
 0
 0
 0
 0.25
 0
 0.25
 0
 0
 0.25
 0
 0.25
 0
 0
 0
 0
 0
 0
 0
 0
 0.25
 0
 0.25
 0
 0
 0.25
 0
 0.25
 0
 0
 0
 0
 0
 0
 0
 0
 0.25
 0
 0.25
 0
 0
 0.25
 0
 0.25
 0
 0
 0
 0
 0
 0
 0
 0
 0.25
 0
 0.25
 0
 0
 0.25
 0
 0.25
 0
 0
 0
 0
 0
 0
 0
 0
 0.25
 0
 0.25
 0
 0
 0.25
 0
 0.25
 0
 0
 0
 0
 0
 0
 0
 0
 0.25
 0
 0.25
 0
 0
 0.25
 0
 0.25
 0
 0
 0
 0
 0
 0
 0
 0
 0.25
 0
 0.25
 0
 0
 0.25
 0
 0.25
 0
 0
 0
 0
 0
 0
 0
 0
 0.25
 0
 0.25
 0
 0
 0.25
 0
 0.25
 0
 0
 0
 0
 0
 0
 0
 0
 0.25
 0
 0.25
 0
 0
 0.25
 0
 0.25
 0
 0
 0
 0
 0
 0
 0
 0
 0.25
 0
 0.25
 0
 0
 0.25
 0
 0.25
 0
 0
 0
 0
 0
 0
 0
 0
 0.25
 0
 0.25
 0
 0
 0.25
 0
 0.25
 0
 0
 0
 0
 0
 0
 0
 0
 0.25
 0
 0.25
 0
 0
 0.25
 0
 0.25
 0
 0
 0
 0
 0
 0
 0
 0
 0.25
 0
 0.25
 0
 0
 0.25
 0
 0.25
 0
 0
 0
 0
 0
 0
 0
 0
 0.25
 0
 0.25
 0
 0
 0.25
 0
 0.25
 0
 0
 0
 0
 0
 0
 0
 0
 0.25
 0
 0.25
 0
 0
 0.25
 0
 0.25
 0
 0
 0
 0
 0
 0
 0
 0
 0.25
 0
 0.25
 0
 0
 0.25
 0
 0.25
 0
 0
 0
 0
 0
 0
 0
 0
 0.25
 0
 0.25
 0
 0
 0.25
 0
 0.25
 0
 0
 0
 0
 0
 0
 0
 0
 0.25
 0
 0.25
 0
 0
 0.25
 0
 0.25
 0
 0
 0
 0
 0
 0
 0
 0
 0.25
 0
 0.25
 0
 0
 0.25
 0
 0.25
 0
 0
 0
 0
 0
 0
 0
 0
 0.25
 0
 0.25
 0
 0
 0.25
 0
 0.25
 0
 0
 0
 0
 0
 0
 0
 0
 0.25
 0
 0.25
 0
 0
 0.25
 0
 0.25
 0
 0
 0
 0
 0
 0
 0
 0
 0.25
 0
 0.25
 0
 0
 0.25
 0
 0.25
 0
 0
 0
 0
 0
 0
 0
 0
 0.25
 0
 0.25
 0
 0
 0.25
 0
 0.25
 0
 0
 0
 0
 0
 0
 0
 0
 0.25
 0
 0.25
 0
 0
 0.25
 0
 0.25
 0
 0
 0
 0
 0
 0
 0
 0
 0.25
 0
 0.25
 0
 0
 0.25
 0
 0.25
 0
 0
 0
 0
 0
 0
 0
 0
 0.25
 0
 0.25
 0
 0
 0.25
 0
 0.25
 0
 0
 0
 0
 0
 0
 0
 0
 0.25
 0
 0.25
 0
 0
 0.25
 0
 0.25
 0
 0
 0
 0
 0
 0
 0
 0
 0.25
 0
 0.25
 0
 0
 0.25
 0
 0.25
 0
 0
 0
 0
 0
 0
 0
 0
 0.25
 0
 0.25
 0
 0
 0.25
 0
 0.25
 0
 0
 0
 0
 0
 0
 0
 0
 0.25
 0
 0.25
 0
 0
 0.25
 0
 0.25
 0
 0
 0
 0
 0
 0
 0
 0
 0.25
 0
 0.25
 0
 0
 0.25
 0
 0.25
 0
 0
 0
 0
 0
 0
 0
 0
 0.25
 0
 0.25
 0
 0
 0.25
 0
 0.25
 0
 0
 0
 0
 0
 0
 0
 0
 0.25
 0
 0.25
 0
 0
 0.25
 0
 0.25
 0
 0
 0
 0
 0
 0
 0
 0
 0.25
 0
 0.25
 0
 0
 0.25
 0
 0.25
 0
 0
 0
 0
 0
 0
 0
 0
 0.25
 0
 0.25
 0
 0
 0.25
 0
 0.25
 0
 0
 0
 0
 0
 0
 0
 0
 0.25
 0
 0.25
 0
 0
 0.25
 0
 0.25
 0
 0
 0
 0
 0
 0
 0
 0
 0.25
 0
 0.25
 0
 0
 0.25
 0
 0.25
 0
 0
 0
 0
 0
 0
 0
 0
 0.25
 0
 0.25
 0


