# Created by Octave 3.8.1, Mon Aug 17 16:45:52 2015 PDT <ataicher@ataicher-Inspiron-7548>
# name: basis
# type: matrix
# ndims: 3
 4 2 121
 0
 0.005442835463490003
 0
 -0.49455716453651
 -0.49455716453651
 0
 0.005442835463490003
 0
 0
 0.02823435005797001
 0
 -0.47176564994203
 -0.49455716453651
 0
 0.005442835463490003
 0
 0
 0.06746199835648944
 0
 -0.4325380016435105
 -0.49455716453651
 0
 0.005442835463490003
 0
 0
 0.1202259676982971
 0
 -0.3797740323017029
 -0.49455716453651
 0
 0.005442835463490003
 0
 0
 0.1826142110119138
 0
 -0.3173857889880862
 -0.49455716453651
 0
 0.005442835463490003
 0
 0
 0.25
 0
 -0.25
 -0.49455716453651
 0
 0.005442835463490003
 0
 0
 0.3173857889880862
 0
 -0.1826142110119138
 -0.49455716453651
 0
 0.005442835463490003
 0
 0
 0.3797740323017029
 0
 -0.1202259676982971
 -0.49455716453651
 0
 0.005442835463490003
 0
 0
 0.4325380016435125
 0
 -0.06746199835648747
 -0.49455716453651
 0
 0.005442835463490003
 0
 0
 0.4717656499420232
 0
 -0.02823435005797675
 -0.49455716453651
 0
 0.005442835463490003
 0
 0
 0.4945571645365145
 0
 -0.005442835463485507
 -0.49455716453651
 0
 0.005442835463490003
 0
 0
 0.005442835463490003
 0
 -0.49455716453651
 -0.47176564994203
 0
 0.02823435005797001
 0
 0
 0.02823435005797001
 0
 -0.47176564994203
 -0.47176564994203
 0
 0.02823435005797001
 0
 0
 0.06746199835648944
 0
 -0.4325380016435105
 -0.47176564994203
 0
 0.02823435005797001
 0
 0
 0.1202259676982971
 0
 -0.3797740323017029
 -0.47176564994203
 0
 0.02823435005797001
 0
 0
 0.1826142110119138
 0
 -0.3173857889880862
 -0.47176564994203
 0
 0.02823435005797001
 0
 0
 0.25
 0
 -0.25
 -0.47176564994203
 0
 0.02823435005797001
 0
 0
 0.3173857889880862
 0
 -0.1826142110119138
 -0.47176564994203
 0
 0.02823435005797001
 0
 0
 0.3797740323017029
 0
 -0.1202259676982971
 -0.47176564994203
 0
 0.02823435005797001
 0
 0
 0.4325380016435125
 0
 -0.06746199835648747
 -0.47176564994203
 0
 0.02823435005797001
 0
 0
 0.4717656499420232
 0
 -0.02823435005797675
 -0.47176564994203
 0
 0.02823435005797001
 0
 0
 0.4945571645365145
 0
 -0.005442835463485507
 -0.47176564994203
 0
 0.02823435005797001
 0
 0
 0.005442835463490003
 0
 -0.49455716453651
 -0.4325380016435105
 0
 0.06746199835648944
 0
 0
 0.02823435005797001
 0
 -0.47176564994203
 -0.4325380016435105
 0
 0.06746199835648944
 0
 0
 0.06746199835648944
 0
 -0.4325380016435105
 -0.4325380016435105
 0
 0.06746199835648944
 0
 0
 0.1202259676982971
 0
 -0.3797740323017029
 -0.4325380016435105
 0
 0.06746199835648944
 0
 0
 0.1826142110119138
 0
 -0.3173857889880862
 -0.4325380016435105
 0
 0.06746199835648944
 0
 0
 0.25
 0
 -0.25
 -0.4325380016435105
 0
 0.06746199835648944
 0
 0
 0.3173857889880862
 0
 -0.1826142110119138
 -0.4325380016435105
 0
 0.06746199835648944
 0
 0
 0.3797740323017029
 0
 -0.1202259676982971
 -0.4325380016435105
 0
 0.06746199835648944
 0
 0
 0.4325380016435125
 0
 -0.06746199835648747
 -0.4325380016435105
 0
 0.06746199835648944
 0
 0
 0.4717656499420232
 0
 -0.02823435005797675
 -0.4325380016435105
 0
 0.06746199835648944
 0
 0
 0.4945571645365145
 0
 -0.005442835463485507
 -0.4325380016435105
 0
 0.06746199835648944
 0
 0
 0.005442835463490003
 0
 -0.49455716453651
 -0.3797740323017029
 0
 0.1202259676982971
 0
 0
 0.02823435005797001
 0
 -0.47176564994203
 -0.3797740323017029
 0
 0.1202259676982971
 0
 0
 0.06746199835648944
 0
 -0.4325380016435105
 -0.3797740323017029
 0
 0.1202259676982971
 0
 0
 0.1202259676982971
 0
 -0.3797740323017029
 -0.3797740323017029
 0
 0.1202259676982971
 0
 0
 0.1826142110119138
 0
 -0.3173857889880862
 -0.3797740323017029
 0
 0.1202259676982971
 0
 0
 0.25
 0
 -0.25
 -0.3797740323017029
 0
 0.1202259676982971
 0
 0
 0.3173857889880862
 0
 -0.1826142110119138
 -0.3797740323017029
 0
 0.1202259676982971
 0
 0
 0.3797740323017029
 0
 -0.1202259676982971
 -0.3797740323017029
 0
 0.1202259676982971
 0
 0
 0.4325380016435125
 0
 -0.06746199835648747
 -0.3797740323017029
 0
 0.1202259676982971
 0
 0
 0.4717656499420232
 0
 -0.02823435005797675
 -0.3797740323017029
 0
 0.1202259676982971
 0
 0
 0.4945571645365145
 0
 -0.005442835463485507
 -0.3797740323017029
 0
 0.1202259676982971
 0
 0
 0.005442835463490003
 0
 -0.49455716453651
 -0.3173857889880862
 0
 0.1826142110119138
 0
 0
 0.02823435005797001
 0
 -0.47176564994203
 -0.3173857889880862
 0
 0.1826142110119138
 0
 0
 0.06746199835648944
 0
 -0.4325380016435105
 -0.3173857889880862
 0
 0.1826142110119138
 0
 0
 0.1202259676982971
 0
 -0.3797740323017029
 -0.3173857889880862
 0
 0.1826142110119138
 0
 0
 0.1826142110119138
 0
 -0.3173857889880862
 -0.3173857889880862
 0
 0.1826142110119138
 0
 0
 0.25
 0
 -0.25
 -0.3173857889880862
 0
 0.1826142110119138
 0
 0
 0.3173857889880862
 0
 -0.1826142110119138
 -0.3173857889880862
 0
 0.1826142110119138
 0
 0
 0.3797740323017029
 0
 -0.1202259676982971
 -0.3173857889880862
 0
 0.1826142110119138
 0
 0
 0.4325380016435125
 0
 -0.06746199835648747
 -0.3173857889880862
 0
 0.1826142110119138
 0
 0
 0.4717656499420232
 0
 -0.02823435005797675
 -0.3173857889880862
 0
 0.1826142110119138
 0
 0
 0.4945571645365145
 0
 -0.005442835463485507
 -0.3173857889880862
 0
 0.1826142110119138
 0
 0
 0.005442835463490003
 0
 -0.49455716453651
 -0.25
 0
 0.25
 0
 0
 0.02823435005797001
 0
 -0.47176564994203
 -0.25
 0
 0.25
 0
 0
 0.06746199835648944
 0
 -0.4325380016435105
 -0.25
 0
 0.25
 0
 0
 0.1202259676982971
 0
 -0.3797740323017029
 -0.25
 0
 0.25
 0
 0
 0.1826142110119138
 0
 -0.3173857889880862
 -0.25
 0
 0.25
 0
 0
 0.25
 0
 -0.25
 -0.25
 0
 0.25
 0
 0
 0.3173857889880862
 0
 -0.1826142110119138
 -0.25
 0
 0.25
 0
 0
 0.3797740323017029
 0
 -0.1202259676982971
 -0.25
 0
 0.25
 0
 0
 0.4325380016435125
 0
 -0.06746199835648747
 -0.25
 0
 0.25
 0
 0
 0.4717656499420232
 0
 -0.02823435005797675
 -0.25
 0
 0.25
 0
 0
 0.4945571645365145
 0
 -0.005442835463485507
 -0.25
 0
 0.25
 0
 0
 0.005442835463490003
 0
 -0.49455716453651
 -0.1826142110119138
 0
 0.3173857889880862
 0
 0
 0.02823435005797001
 0
 -0.47176564994203
 -0.1826142110119138
 0
 0.3173857889880862
 0
 0
 0.06746199835648944
 0
 -0.4325380016435105
 -0.1826142110119138
 0
 0.3173857889880862
 0
 0
 0.1202259676982971
 0
 -0.3797740323017029
 -0.1826142110119138
 0
 0.3173857889880862
 0
 0
 0.1826142110119138
 0
 -0.3173857889880862
 -0.1826142110119138
 0
 0.3173857889880862
 0
 0
 0.25
 0
 -0.25
 -0.1826142110119138
 0
 0.3173857889880862
 0
 0
 0.3173857889880862
 0
 -0.1826142110119138
 -0.1826142110119138
 0
 0.3173857889880862
 0
 0
 0.3797740323017029
 0
 -0.1202259676982971
 -0.1826142110119138
 0
 0.3173857889880862
 0
 0
 0.4325380016435125
 0
 -0.06746199835648747
 -0.1826142110119138
 0
 0.3173857889880862
 0
 0
 0.4717656499420232
 0
 -0.02823435005797675
 -0.1826142110119138
 0
 0.3173857889880862
 0
 0
 0.4945571645365145
 0
 -0.005442835463485507
 -0.1826142110119138
 0
 0.3173857889880862
 0
 0
 0.005442835463490003
 0
 -0.49455716453651
 -0.1202259676982971
 0
 0.3797740323017029
 0
 0
 0.02823435005797001
 0
 -0.47176564994203
 -0.1202259676982971
 0
 0.3797740323017029
 0
 0
 0.06746199835648944
 0
 -0.4325380016435105
 -0.1202259676982971
 0
 0.3797740323017029
 0
 0
 0.1202259676982971
 0
 -0.3797740323017029
 -0.1202259676982971
 0
 0.3797740323017029
 0
 0
 0.1826142110119138
 0
 -0.3173857889880862
 -0.1202259676982971
 0
 0.3797740323017029
 0
 0
 0.25
 0
 -0.25
 -0.1202259676982971
 0
 0.3797740323017029
 0
 0
 0.3173857889880862
 0
 -0.1826142110119138
 -0.1202259676982971
 0
 0.3797740323017029
 0
 0
 0.3797740323017029
 0
 -0.1202259676982971
 -0.1202259676982971
 0
 0.3797740323017029
 0
 0
 0.4325380016435125
 0
 -0.06746199835648747
 -0.1202259676982971
 0
 0.3797740323017029
 0
 0
 0.4717656499420232
 0
 -0.02823435005797675
 -0.1202259676982971
 0
 0.3797740323017029
 0
 0
 0.4945571645365145
 0
 -0.005442835463485507
 -0.1202259676982971
 0
 0.3797740323017029
 0
 0
 0.005442835463490003
 0
 -0.49455716453651
 -0.06746199835648747
 0
