# Created by Octave 3.8.1, Mon Aug 17 16:45:51 2015 PDT <ataicher@ataicher-Inspiron-7548>
# name: basis
# type: matrix
# ndims: 3
 4 2 64
 0
 0.009927535875615762
 0
 -0.4900724641243842
 -0.4900724641243842
 0
 0.009927535875615762
 0
 0
 0.05083338064659346
 0
 -0.4491666193534065
 -0.4900724641243842
 0
 0.009927535875615762
 0
 0
 0.1186168975209178
 0
 -0.3813831024790822
 -0.4900724641243842
 0
 0.009927535875615762
 0
 0
 0.2041413393760876
 0
 -0.2958586606239124
 -0.4900724641243842
 0
 0.009927535875615762
 0
 0
 0.2958586606239125
 0
 -0.2041413393760875
 -0.4900724641243842
 0
 0.009927535875615762
 0
 0
 0.3813831024790822
 0
 -0.1186168975209178
 -0.4900724641243842
 0
 0.009927535875615762
 0
 0
 0.4491666193534065
 0
 -0.05083338064659348
 -0.4900724641243842
 0
 0.009927535875615762
 0
 0
 0.4900724641243842
 0
 -0.009927535875615789
 -0.4900724641243842
 0
 0.009927535875615762
 0
 0
 0.009927535875615762
 0
 -0.4900724641243842
 -0.4491666193534065
 0
 0.05083338064659346
 0
 0
 0.05083338064659346
 0
 -0.4491666193534065
 -0.4491666193534065
 0
 0.05083338064659346
 0
 0
 0.1186168975209178
 0
 -0.3813831024790822
 -0.4491666193534065
 0
 0.05083338064659346
 0
 0
 0.2041413393760876
 0
 -0.2958586606239124
 -0.4491666193534065
 0
 0.05083338064659346
 0
 0
 0.2958586606239125
 0
 -0.2041413393760875
 -0.4491666193534065
 0
 0.05083338064659346
 0
 0
 0.3813831024790822
 0
 -0.1186168975209178
 -0.4491666193534065
 0
 0.05083338064659346
 0
 0
 0.4491666193534065
 0
 -0.05083338064659348
 -0.4491666193534065
 0
 0.05083338064659346
 0
 0
 0.4900724641243842
 0
 -0.009927535875615789
 -0.4491666193534065
 0
 0.05083338064659346
 0
 0
 0.009927535875615762
 0
 -0.4900724641243842
 -0.3813831024790822
 0
 0.1186168975209178
 0
 0
 0.05083338064659346
 0
 -0.4491666193534065
 -0.3813831024790822
 0
 0.1186168975209178
 0
 0
 0.1186168975209178
 0
 -0.3813831024790822
 -0.3813831024790822
 0
 0.1186168975209178
 0
 0
 0.2041413393760876
 0
 -0.2958586606239124
 -0.3813831024790822
 0
 0.1186168975209178
 0
 0
 0.2958586606239125
 0
 -0.2041413393760875
 -0.3813831024790822
 0
 0.1186168975209178
 0
 0
 0.3813831024790822
 0
 -0.1186168975209178
 -0.3813831024790822
 0
 0.1186168975209178
 0
 0
 0.4491666193534065
 0
 -0.05083338064659348
 -0.3813831024790822
 0
 0.1186168975209178
 0
 0
 0.4900724641243842
 0
 -0.009927535875615789
 -0.3813831024790822
 0
 0.1186168975209178
 0
 0
 0.009927535875615762
 0
 -0.4900724641243842
 -0.2958586606239124
 0
 0.2041413393760876
 0
 0
 0.05083338064659346
 0
 -0.4491666193534065
 -0.2958586606239124
 0
 0.2041413393760876
 0
 0
 0.1186168975209178
 0
 -0.3813831024790822
 -0.2958586606239124
 0
 0.2041413393760876
 0
 0
 0.2041413393760876
 0
 -0.2958586606239124
 -0.2958586606239124
 0
 0.2041413393760876
 0
 0
 0.2958586606239125
 0
 -0.2041413393760875
 -0.2958586606239124
 0
 0.2041413393760876
 0
 0
 0.3813831024790822
 0
 -0.1186168975209178
 -0.2958586606239124
 0
 0.2041413393760876
 0
 0
 0.4491666193534065
 0
 -0.05083338064659348
 -0.2958586606239124
 0
 0.2041413393760876
 0
 0
 0.4900724641243842
 0
 -0.009927535875615789
 -0.2958586606239124
 0
 0.2041413393760876
 0
 0
 0.009927535875615762
 0
 -0.4900724641243842
 -0.2041413393760875
 0
 0.2958586606239125
 0
 0
 0.05083338064659346
 0
 -0.4491666193534065
 -0.2041413393760875
 0
 0.2958586606239125
 0
 0
 0.1186168975209178
 0
 -0.3813831024790822
 -0.2041413393760875
 0
 0.2958586606239125
 0
 0
 0.2041413393760876
 0
 -0.2958586606239124
 -0.2041413393760875
 0
 0.2958586606239125
 0
 0
 0.2958586606239125
 0
 -0.2041413393760875
 -0.2041413393760875
 0
 0.2958586606239125
 0
 0
 0.3813831024790822
 0
 -0.1186168975209178
 -0.2041413393760875
 0
 0.2958586606239125
 0
 0
 0.4491666193534065
 0
 -0.05083338064659348
 -0.2041413393760875
 0
 0.2958586606239125
 0
 0
 0.4900724641243842
 0
 -0.009927535875615789
 -0.2041413393760875
 0
 0.2958586606239125
 0
 0
 0.009927535875615762
 0
 -0.4900724641243842
 -0.1186168975209178
 0
 0.3813831024790822
 0
 0
 0.05083338064659346
 0
 -0.4491666193534065
 -0.1186168975209178
 0
 0.3813831024790822
 0
 0
 0.1186168975209178
 0
 -0.3813831024790822
 -0.1186168975209178
 0
 0.3813831024790822
 0
 0
 0.2041413393760876
 0
 -0.2958586606239124
 -0.1186168975209178
 0
 0.3813831024790822
 0
 0
 0.2958586606239125
 0
 -0.2041413393760875
 -0.1186168975209178
 0
 0.3813831024790822
 0
 0
 0.3813831024790822
 0
 -0.1186168975209178
 -0.1186168975209178
 0
 0.3813831024790822
 0
 0
 0.4491666193534065
 0
 -0.05083338064659348
 -0.1186168975209178
 0
 0.3813831024790822
 0
 0
 0.4900724641243842
 0
 -0.009927535875615789
 -0.1186168975209178
 0
 0.3813831024790822
 0
 0
 0.009927535875615762
 0
 -0.4900724641243842
 -0.05083338064659348
 0
 0.4491666193534065
 0
 0
 0.05083338064659346
 0
 -0.4491666193534065
 -0.05083338064659348
 0
 0.4491666193534065
 0
 0
 0.1186168975209178
 0
 -0.3813831024790822
 -0.05083338064659348
 0
 0.4491666193534065
 0
 0
 0.2041413393760876
 0
 -0.2958586606239124
 -0.05083338064659348
 0
 0.4491666193534065
 0
 0
 0.2958586606239125
 0
 -0.2041413393760875
 -0.05083338064659348
 0
 0.4491666193534065
 0
 0
 0.3813831024790822
 0
 -0.1186168975209178
 -0.05083338064659348
 0
 0.4491666193534065
 0
 0
 0.4491666193534065
 0
 -0.05083338064659348
 -0.05083338064659348
 0
 0.4491666193534065
 0
 0
 0.4900724641243842
 0
 -0.009927535875615789
 -0.05083338064659348
 0
 0.4491666193534065
 0
 0
 0.009927535875615762
 0
 -0.4900724641243842
 -0.009927535875615789
 0
 0.4900724641243842
 0
 0
 0.05083338064659346
 0
 -0.4491666193534065
 -0.009927535875615789
 0
 0.4900724641243842
 0
 0
 0.1186168975209178
 0
 -0.3813831024790822
 -0.009927535875615789
 0
 0.4900724641243842
 0
 0
 0.2041413393760876
 0
 -0.2958586606239124
 -0.009927535875615789
 0
 0.4900724641243842
 0
 0
 0.2958586606239125
 0
 -0.2041413393760875
 -0.009927535875615789
 0
 0.4900724641243842
 0
 0
 0.3813831024790822
 0
 -0.1186168975209178
 -0.009927535875615789
 0
 0.4900724641243842
 0
 0
 0.4491666193534065
 0
 -0.05083338064659348
 -0.009927535875615789
 0
 0.4900724641243842
 0
 0
 0.4900724641243842
 0
 -0.009927535875615789
 -0.009927535875615789
 0
 0.4900724641243842
 0


