# Created by Octave 3.8.1, Mon Aug 17 16:45:50 2015 PDT <ataicher@ataicher-Inspiron-7548>
# name: basis
# type: matrix
# ndims: 3
 4 2 16
 0
 0.03471592210148675
 0
 -0.4652840778985132
 -0.4652840778985132
 0
 0.03471592210148675
 0
 0
 0.1650047391037859
 0
 -0.3349952608962141
 -0.4652840778985132
 0
 0.03471592210148675
 0
 0
 0.3349952608962141
 0
 -0.1650047391037859
 -0.4652840778985132
 0
 0.03471592210148675
 0
 0
 0.4652840778985132
 0
 -0.03471592210148677
 -0.4652840778985132
 0
 0.03471592210148675
 0
 0
 0.03471592210148675
 0
 -0.4652840778985132
 -0.3349952608962141
 0
 0.1650047391037859
 0
 0
 0.1650047391037859
 0
 -0.3349952608962141
 -0.3349952608962141
 0
 0.1650047391037859
 0
 0
 0.3349952608962141
 0
 -0.1650047391037859
 -0.3349952608962141
 0
 0.1650047391037859
 0
 0
 0.4652840778985132
 0
 -0.03471592210148677
 -0.3349952608962141
 0
 0.1650047391037859
 0
 0
 0.03471592210148675
 0
 -0.4652840778985132
 -0.1650047391037859
 0
 0.3349952608962141
 0
 0
 0.1650047391037859
 0
 -0.3349952608962141
 -0.1650047391037859
 0
 0.3349952608962141
 0
 0
 0.3349952608962141
 0
 -0.1650047391037859
 -0.1650047391037859
 0
 0.3349952608962141
 0
 0
 0.4652840778985132
 0
 -0.03471592210148677
 -0.1650047391037859
 0
 0.3349952608962141
 0
 0
 0.03471592210148675
 0
 -0.4652840778985132
 -0.03471592210148677
 0
 0.4652840778985132
 0
 0
 0.1650047391037859
 0
 -0.3349952608962141
 -0.03471592210148677
 0
 0.4652840778985132
 0
 0
 0.3349952608962141
 0
 -0.1650047391037859
 -0.03471592210148677
 0
 0.4652840778985132
 0
 0
 0.4652840778985132
 0
 -0.03471592210148677
 -0.03471592210148677
 0
 0.4652840778985132
 0


# name: basisDer
# type: matrix
# ndims: 4
 4 2 2 16
 0
 0.25
 0
 0.25
 0
 0
 0
 0
 0
 0
 0
 0
 0.25
 0
 0.25
 0
 0
 0.25
 0
 0.25
 0
 0
 0
 0
 0
 0
 0
 0
 0.25
 0
 0.25
 0
 0
 0.25
 0
 0.25
 0
 0
 0
 0
 0
 0
 0
 0
 0.25
 0
 0.25
 0
 0
 0.25
 0
 0.25
 0
 0
 0
 0
 0
 0
 0
 0
 0.25
 0
 0.25
 0
 0
 0.25
 0
 0.25
 0
 0
 0
 0
 0
 0
 0
 0
 0.25
 0
 0.25
 0
 0
 0.25
 0
 0.25
 0
 0
 0
 0
 0
 0
 0
 0
 0.25
 0
 0.25
 0
 0
 0.25
 0
 0.25
 0
 0
 0
 0
 0
 0
 0
 0
 0.25
 0
 0.25
 0
 0
 0.25
 0
 0.25
 0
 0
 0
 0
 0
 0
 0
 0
 0.25
 0
 0.25
 0
 0
 0.25
 0
 0.25
 0
 0
 0
 0
 0
 0
 0
 0
 0.25
 0
 0.25
 0
 0
 0.25
 0
 0.25
 0
 0
 0
 0
 0
 0
 0
 0
 0.25
 0
 0.25
 0
 0
 0.25
 0
 0.25
 0
 0
 0
 0
 0
 0
 0
 0
 0.25
 0
 0.25
 0
 0
 0.25
 0
 0.25
 0
 0
 0
 0
 0
 0
 0
 0
 0.25
 0
 0.25
 0
 0
 0.25
 0
 0.25
 0
 0
 0
 0
 0
 0
 0
 0
 0.25
 0
 0.25
 0
 0
 0.25
 0
 0.25
 0
 0
 0
 0
 0
 0
 0
 0
 0.25
 0
 0.25
 0
 0
 0.25
 0
 0.25
 0
 0
 0
 0
 0
 0
 0
 0
 0.25
 0
 0.25
 0
 0
 0.25
 0
 0.25
 0
 0
 0
 0
 0
 0
 0
 0
 0.25
 0
 0.25
 0


# name: edgeBasis
# type: matrix
# ndims: 4
 4 2 4 4
 0
 0.03471592210148675
 0
 -0.4652840778985132
 -0.5
 0
 0
 0
 0
 0.1650047391037859
 0
 -0.3349952608962141
 -0.5
 0
 0
 0
 0
 0.3349952608962141
 0
 -0.1650047391037859
 -0.5
 0
 0
 0
 0
 0.4652840778985132
 0
 -0.03471592210148677
 -0.5
 0
 0
 0
 0
 0.5
 0
 0
 -0.4652840778985132
 0
 0.03471592210148675
 0
 0
 0.5
 0
 0
 -0.3349952608962141
 0
 0.1650047391037859
 0
 0
 0.5
 0
 0
 -0.1650047391037859
 0
 0.3349952608962141
 0
 0
 0.5
 0
 0
 -0.03471592210148677
 0
 0.4652840778985132
 0
 0
 0.4652840778985132
 0
 -0.03471592210148675
 0
 0
 0.5
 0
 0
 0.3349952608962141
 0
 -0.1650047391037859
 0
 0
 0.5
 0
 0
 0.1650047391037859
 0
 -0.3349952608962141
 0
 0
 0.5
 0
 0
 0.03471592210148677
 0
 -0.4652840778985132
 0
 0
 0.5
 0
 0
 0
 0
 -0.5
 -0.03471592210148675
 0
 0.4652840778985132
 0
 0
 0
 0
 -0.5
 -0.1650047391037859
 0
 0.3349952608962141
 0
 0
 0
 0
 -0.5
 -0.3349952608962141
 0
 0.1650047391037859
 0
 0
 0
 0
 -0.5
 -0.4652840778985132
 0
 0.03471592210148677
 0


