# Created by Octave 3.8.1, Mon Aug 17 16:45:53 2015 PDT <ataicher@ataicher-Inspiron-7548>
# name: basis
# type: matrix
# ndims: 3
 4 2 144
 0
 0.004609841438316997
 0
 -0.495390158561683
 -0.495390158561683
 0
 0.004609841438316997
 0
 0
 0.02397068590738699
 0
 -0.476029314092613
 -0.495390158561683
 0
 0.004609841438316997
 0
 0
 0.05752433145142058
 0
 -0.4424756685485794
 -0.495390158561683
 0
 0.004609841438316997
 0
 0
 0.1031705114283464
 0
 -0.3968294885716536
 -0.495390158561683
 0
 0.004609841438316997
 0
 0
 0.1580421252504549
 0
 -0.3419578747495451
 -0.495390158561683
 0
 0.004609841438316997
 0
 0
 0.2186916478721328
 0
 -0.2813083521278672
 -0.495390158561683
 0
 0.004609841438316997
 0
 0
 0.2813083521278672
 0
 -0.2186916478721328
 -0.495390158561683
 0
 0.004609841438316997
 0
 0
 0.3419578747495451
 0
 -0.1580421252504549
 -0.495390158561683
 0
 0.004609841438316997
 0
 0
 0.3968294885716536
 0
 -0.1031705114283464
 -0.495390158561683
 0
 0.004609841438316997
 0
 0
 0.4424756685485794
 0
 -0.05752433145142055
 -0.495390158561683
 0
 0.004609841438316997
 0
 0
 0.476029314092613
 0
 -0.02397068590738699
 -0.495390158561683
 0
 0.004609841438316997
 0
 0
 0.495390158561683
 0
 -0.004609841438316997
 -0.495390158561683
 0
 0.004609841438316997
 0
 0
 0.004609841438316997
 0
 -0.495390158561683
 -0.476029314092613
 0
 0.02397068590738699
 0
 0
 0.02397068590738699
 0
 -0.476029314092613
 -0.476029314092613
 0
 0.02397068590738699
 0
 0
 0.05752433145142058
 0
 -0.4424756685485794
 -0.476029314092613
 0
 0.02397068590738699
 0
 0
 0.1031705114283464
 0
 -0.3968294885716536
 -0.476029314092613
 0
 0.02397068590738699
 0
 0
 0.1580421252504549
 0
 -0.3419578747495451
 -0.476029314092613
 0
 0.02397068590738699
 0
 0
 0.2186916478721328
 0
 -0.2813083521278672
 -0.476029314092613
 0
 0.02397068590738699
 0
 0
 0.2813083521278672
 0
 -0.2186916478721328
 -0.476029314092613
 0
 0.02397068590738699
 0
 0
 0.3419578747495451
 0
 -0.1580421252504549
 -0.476029314092613
 0
 0.02397068590738699
 0
 0
 0.3968294885716536
 0
 -0.1031705114283464
 -0.476029314092613
 0
 0.02397068590738699
 0
 0
 0.4424756685485794
 0
 -0.05752433145142055
 -0.476029314092613
 0
 0.02397068590738699
 0
 0
 0.476029314092613
 0
 -0.02397068590738699
 -0.476029314092613
 0
 0.02397068590738699
 0
 0
 0.495390158561683
 0
 -0.004609841438316997
 -0.476029314092613
 0
 0.02397068590738699
 0
 0
 0.004609841438316997
 0
 -0.495390158561683
 -0.4424756685485794
 0
 0.05752433145142058
 0
 0
 0.02397068590738699
 0
 -0.476029314092613
 -0.4424756685485794
 0
 0.05752433145142058
 0
 0
 0.05752433145142058
 0
 -0.4424756685485794
 -0.4424756685485794
 0
 0.05752433145142058
 0
 0
 0.1031705114283464
 0
 -0.3968294885716536
 -0.4424756685485794
 0
 0.05752433145142058
 0
 0
 0.1580421252504549
 0
 -0.3419578747495451
 -0.4424756685485794
 0
 0.05752433145142058
 0
 0
 0.2186916478721328
 0
 -0.2813083521278672
 -0.4424756685485794
 0
 0.05752433145142058
 0
 0
 0.2813083521278672
 0
 -0.2186916478721328
 -0.4424756685485794
 0
 0.05752433145142058
 0
 0
 0.3419578747495451
 0
 -0.1580421252504549
 -0.4424756685485794
 0
 0.05752433145142058
 0
 0
 0.3968294885716536
 0
 -0.1031705114283464
 -0.4424756685485794
 0
 0.05752433145142058
 0
 0
 0.4424756685485794
 0
 -0.05752433145142055
 -0.4424756685485794
 0
 0.05752433145142058
 0
 0
 0.476029314092613
 0
 -0.02397068590738699
 -0.4424756685485794
 0
 0.05752433145142058
 0
 0
 0.495390158561683
 0
 -0.004609841438316997
 -0.4424756685485794
 0
 0.05752433145142058
 0
 0
 0.004609841438316997
 0
 -0.495390158561683
 -0.3968294885716536
 0
 0.1031705114283464
 0
 0
 0.02397068590738699
 0
 -0.476029314092613
 -0.3968294885716536
 0
 0.1031705114283464
 0
 0
 0.05752433145142058
 0
 -0.4424756685485794
 -0.3968294885716536
 0
 0.1031705114283464
 0
 0
 0.1031705114283464
 0
 -0.3968294885716536
 -0.3968294885716536
 0
 0.1031705114283464
 0
 0
 0.1580421252504549
 0
 -0.3419578747495451
 -0.3968294885716536
 0
 0.1031705114283464
 0
 0
 0.2186916478721328
 0
 -0.2813083521278672
 -0.3968294885716536
 0
 0.1031705114283464
 0
 0
 0.2813083521278672
 0
 -0.2186916478721328
 -0.3968294885716536
 0
 0.1031705114283464
 0
 0
 0.3419578747495451
 0
 -0.1580421252504549
 -0.3968294885716536
 0
 0.1031705114283464
 0
 0
 0.3968294885716536
 0
 -0.1031705114283464
 -0.3968294885716536
 0
 0.1031705114283464
 0
 0
 0.4424756685485794
 0
 -0.05752433145142055
 -0.3968294885716536
 0
 0.1031705114283464
 0
 0
 0.476029314092613
 0
 -0.02397068590738699
 -0.3968294885716536
 0
 0.1031705114283464
 0
 0
 0.495390158561683
 0
 -0.004609841438316997
 -0.3968294885716536
 0
 0.1031705114283464
 0
 0
 0.004609841438316997
 0
 -0.495390158561683
 -0.3419578747495451
 0
 0.1580421252504549
 0
 0
 0.02397068590738699
 0
 -0.476029314092613
 -0.3419578747495451
 0
 0.1580421252504549
 0
 0
 0.05752433145142058
 0
 -0.4424756685485794
 -0.3419578747495451
 0
 0.1580421252504549
 0
 0
 0.1031705114283464
 0
 -0.3968294885716536
 -0.3419578747495451
 0
 0.1580421252504549
 0
 0
 0.1580421252504549
 0
 -0.3419578747495451
 -0.3419578747495451
 0
 0.1580421252504549
 0
 0
 0.2186916478721328
 0
 -0.2813083521278672
 -0.3419578747495451
 0
 0.1580421252504549
 0
 0
 0.2813083521278672
 0
 -0.2186916478721328
 -0.3419578747495451
 0
 0.1580421252504549
 0
 0
 0.3419578747495451
 0
 -0.1580421252504549
 -0.3419578747495451
 0
 0.1580421252504549
 0
 0
 0.3968294885716536
 0
 -0.1031705114283464
 -0.3419578747495451
 0
 0.1580421252504549
 0
 0
 0.4424756685485794
 0
 -0.05752433145142055
 -0.3419578747495451
 0
 0.1580421252504549
 0
 0
 0.476029314092613
 0
 -0.02397068590738699
 -0.3419578747495451
 0
 0.1580421252504549
 0
 0
 0.495390158561683
 0
 -0.004609841438316997
 -0.3419578747495451
 0
 0.1580421252504549
 0
 0
 0.004609841438316997
 0
 -0.495390158561683
 -0.2813083521278672
 0
 0.2186916478721328
 0
 0
 0.02397068590738699
 0
 -0.476029314092613
 -0.2813083521278672
 0
 0.2186916478721328
 0
 0
 0.05752433145142058
 0
 -0.4424756685485794
 -0.2813083521278672
 0
 0.2186916478721328
 0
 0
 0.1031705114283464
 0
 -0.3968294885716536
 -0.2813083521278672
 0
 0.2186916478721328
 0
 0
 0.1580421252504549
 0
 -0.3419578747495451
 -0.2813083521278672
 0
 0.2186916478721328
 0
 0
 0.2186916478721328
 0
 -0.2813083521278672
 -0.2813083521278672
 0
 0.2186916478721328
 0
 0
 0.2813083521278672
 0
 -0.2186916478721328
 -0.2813083521278672
 0
 0.2186916478721328
 0
 0
 0.3419578747495451
 0
 -0.1580421252504549
 -0.2813083521278672
 0
 0.2186916478721328
 0
 0
 0.3968294885716536
 0
 -0.1031705114283464
 -0.2813083521278672
 0
 0.2186916478721328
 0
 0
 0.4424756685485794
 0
 -0.05752433145142055
 -0.2813083521278672
 0
 0.2186916478721328
 0
 0
 0.476029314092613
 0
 -0.02397068590738699
 -0.2813083521278672
 0
 0.2186916478721328
 0
 0
 0.495390158561683
 0
 -0.004609841438316997
 -0.2813083521278672
 0
 0.2186916478721328
 0
 0
 0.004609841438316997
 0
 -0.495390158561683
 -0.2186916478721328
 0
 0.2813083521278672
 0
 0
 0.02397068590738699
 0
 -0.476029314092613
 -0.2186916478721328
 0
 0.2813083521278672
 0
 0
 0.05752433145142058
 0
 -0.4424756685485794
 -0.2186916478721328
 0
 0.2813083521278672
 0
 0
 0.1031705114283464
 0
 -0.3968294885716536
 -0.2186916478721328
 0
 0.2813083521278672
 0
 0
 0.1580421252504549
 0
 -0.3419578747495451
 -0.2186916478721328
 0
 0.2813083521278672
 0
 0
 0.2186916478721328
 0
 -0.2813083521278672
 -0.2186916478721328
 0
 0.2813083521278672
 0
 0
 0.2813083521278672
 0
 -0.2186916478721328
 -0.2186916478721328
 0
 0.2813083521278672
 0
 0
 0.3419578747495451
 0
 -0.1580421252504549
 -0.2186916478721328
 0
 0.2813083521278672
 0
 0
 0.3968294885716536
 0
 -0.1031705114283464
 -0.2186916478721328
 0
 0.2813083521278672
 0
 0
 0.4424756685485794
 0
 -0.05752433145142055
 -0.2186916478721328
 0
 0.2813083521278672
 0
 0
 0.476029314092613
 0
 -0.02397068590738699
 -0.2186916478721328
 0
 0.2813083521278672
 0
 0
