# Created by Octave 3.8.1, Mon Aug 17 16:45:50 2015 PDT <ataicher@ataicher-Inspiron-7548>
# name: basis
# type: matrix
# ndims: 3
 4 2 25
 0
 0.02345503851533401
 0
 -0.476544961484666
 -0.476544961484666
 0
 0.02345503851533401
 0
 0
 0.1153826724735793
 0
 -0.3846173275264207
 -0.476544961484666
 0
 0.02345503851533401
 0
 0
 0.25
 0
 -0.25
 -0.476544961484666
 0
 0.02345503851533401
 0
 0
 0.3846173275264207
 0
 -0.1153826724735793
 -0.476544961484666
 0
 0.02345503851533401
 0
 0
 0.476544961484666
 0
 -0.02345503851533404
 -0.476544961484666
 0
 0.02345503851533401
 0
 0
 0.02345503851533401
 0
 -0.476544961484666
 -0.3846173275264207
 0
 0.1153826724735793
 0
 0
 0.1153826724735793
 0
 -0.3846173275264207
 -0.3846173275264207
 0
 0.1153826724735793
 0
 0
 0.25
 0
 -0.25
 -0.3846173275264207
 0
 0.1153826724735793
 0
 0
 0.3846173275264207
 0
 -0.1153826724735793
 -0.3846173275264207
 0
 0.1153826724735793
 0
 0
 0.476544961484666
 0
 -0.02345503851533404
 -0.3846173275264207
 0
 0.1153826724735793
 0
 0
 0.02345503851533401
 0
 -0.476544961484666
 -0.25
 0
 0.25
 0
 0
 0.1153826724735793
 0
 -0.3846173275264207
 -0.25
 0
 0.25
 0
 0
 0.25
 0
 -0.25
 -0.25
 0
 0.25
 0
 0
 0.3846173275264207
 0
 -0.1153826724735793
 -0.25
 0
 0.25
 0
 0
 0.476544961484666
 0
 -0.02345503851533404
 -0.25
 0
 0.25
 0
 0
 0.02345503851533401
 0
 -0.476544961484666
 -0.1153826724735793
 0
 0.3846173275264207
 0
 0
 0.1153826724735793
 0
 -0.3846173275264207
 -0.1153826724735793
 0
 0.3846173275264207
 0
 0
 0.25
 0
 -0.25
 -0.1153826724735793
 0
 0.3846173275264207
 0
 0
 0.3846173275264207
 0
 -0.1153826724735793
 -0.1153826724735793
 0
 0.3846173275264207
 0
 0
 0.476544961484666
 0
 -0.02345503851533404
 -0.1153826724735793
 0
 0.3846173275264207
 0
 0
 0.02345503851533401
 0
 -0.476544961484666
 -0.02345503851533404
 0
 0.476544961484666
 0
 0
 0.1153826724735793
 0
 -0.3846173275264207
 -0.02345503851533404
 0
 0.476544961484666
 0
 0
 0.25
 0
 -0.25
 -0.02345503851533404
 0
 0.476544961484666
 0
 0
 0.3846173275264207
 0
 -0.1153826724735793
 -0.02345503851533404
 0
 0.476544961484666
 0
 0
 0.476544961484666
 0
 -0.02345503851533404
 -0.02345503851533404
 0
 0.476544961484666
 0


# name: basisDer
# type: matrix
# ndims: 4
 4 2 2 25
 0
 0.25
 0
 0.25
 0
 0
 0
 0
 0
 0
 0
 0
 0.25
 0
 0.25
 0
 0
 0.25
 0
 0.25
 0
 0
 0
 0
 0
 0
 0
 0
 0.25
 0
 0.25
 0
 0
 0.25
 0
 0.25
 0
 0
 0
 0
 0
 0
 0
 0
 0.25
 0
 0.25
 0
 0
 0.25
 0
 0.25
 0
 0
 0
 0
 0
 0
 0
 0
 0.25
 0
 0.25
 0
 0
 0.25
 0
 0.25
 0
 0
 0
 0
 0
 0
 0
 0
 0.25
 0
 0.25
 0
 0
 0.25
 0
 0.25
 0
 0
 0
 0
 0
 0
 0
 0
 0.25
 0
 0.25
 0
 0
 0.25
 0
 0.25
 0
 0
 0
 0
 0
 0
 0
 0
 0.25
 0
 0.25
 0
 0
 0.25
 0
 0.25
 0
 0
 0
 0
 0
 0
 0
 0
 0.25
 0
 0.25
 0
 0
 0.25
 0
 0.25
 0
 0
 0
 0
 0
 0
 0
 0
 0.25
 0
 0.25
 0
 0
 0.25
 0
 0.25
 0
 0
 0
 0
 0
 0
 0
 0
 0.25
 0
 0.25
 0
 0
 0.25
 0
 0.25
 0
 0
 0
 0
 0
 0
 0
 0
 0.25
 0
 0.25
 0
 0
 0.25
 0
 0.25
 0
 0
 0
 0
 0
 0
 0
 0
 0.25
 0
 0.25
 0
 0
 0.25
 0
 0.25
 0
 0
 0
 0
 0
 0
 0
 0
 0.25
 0
 0.25
 0
 0
 0.25
 0
 0.25
 0
 0
 0
 0
 0
 0
 0
 0
 0.25
 0
 0.25
 0
 0
 0.25
 0
 0.25
 0
 0
 0
 0
 0
 0
 0
 0
 0.25
 0
 0.25
 0
 0
 0.25
 0
 0.25
 0
 0
 0
 0
 0
 0
 0
 0
 0.25
 0
 0.25
 0
 0
 0.25
 0
 0.25
 0
 0
 0
 0
 0
 0
 0
 0
 0.25
 0
 0.25
 0
 0
 0.25
 0
 0.25
 0
 0
 0
 0
 0
 0
 0
 0
 0.25
 0
 0.25
 0
 0
 0.25
 0
 0.25
 0
 0
 0
 0
 0
 0
 0
 0
 0.25
 0
 0.25
 0
 0
 0.25
 0
 0.25
 0
 0
 0
 0
 0
 0
 0
 0
 0.25
 0
 0.25
 0
 0
 0.25
 0
 0.25
 0
 0
 0
 0
 0
 0
 0
 0
 0.25
 0
 0.25
 0
 0
 0.25
 0
 0.25
 0
 0
 0
 0
 0
 0
 0
 0
 0.25
 0
 0.25
 0
 0
 0.25
 0
 0.25
 0
 0
 0
 0
 0
 0
 0
 0
 0.25
 0
 0.25
 0
 0
 0.25
 0
 0.25
 0
 0
 0
 0
 0
 0
 0
 0
 0.25
 0
 0.25
 0
 0
 0.25
 0
 0.25
 0
 0
 0
 0
 0
 0
 0
 0
 0.25
 0
 0.25
 0


# name: edgeBasis
# type: matrix
# ndims: 4
 4 2 5 4
 0
 0.02345503851533401
 0
 -0.476544961484666
 -0.5
 0
 0
 0
 0
 0.1153826724735793
 0
 -0.3846173275264207
 -0.5
 0
 0
 0
 0
 0.25
 0
 -0.25
 -0.5
 0
 0
 0
 0
 0.3846173275264207
 0
 -0.1153826724735793
 -0.5
 0
 0
 0
 0
 0.476544961484666
 0
 -0.02345503851533404
 -0.5
 0
 0
 0
 0
 0.5
 0
 0
 -0.476544961484666
 0
 0.02345503851533401
 0
 0
 0.5
 0
 0
 -0.3846173275264207
 0
 0.1153826724735793
 0
 0
 0.5
 0
 0
 -0.25
 0
 0.25
 0
 0
 0.5
 0
 0
 -0.1153826724735793
 0
 0.3846173275264207
 0
 0
 0.5
 0
 0
 -0.02345503851533404
 0
 0.476544961484666
 0
 0
 0.476544961484666
 0
 -0.02345503851533401
 0
 0
 0.5
 0
 0
 0.3846173275264207
 0
 -0.1153826724735793
 0
 0
 0.5
 0
 0
 0.25
 0
 -0.25
 0
 0
 0.5
 0
 0
 0.1153826724735793
 0
 -0.3846173275264207
 0
 0
 0.5
 0
 0
 0.02345503851533404
 0
 -0.476544961484666
 0
 0
 0.5
 0
 0
 0
 0
 -0.5
 -0.02345503851533401
 0
 0.476544961484666
 0
 0
 0
 0
 -0.5
 -0.1153826724735793
 0
 0.3846173275264207
 0
 0
 0
 0
 -0.5
 -0.25
 0
 0.25
 0
 0
 0
 0
 -0.5
 -0.3846173275264207
 0
 0.1153826724735793
 0
 0
 0
 0
 -0.5
 -0.476544961484666
 0
 0.02345503851533404
 0


