# Created by Octave 3.8.1, Mon Aug 17 16:45:51 2015 PDT <ataicher@ataicher-Inspiron-7548>
# name: basis
# type: matrix
# ndims: 3
 4 2 81
 0
 0.007959940123093506
 0
 -0.4920400598769065
 -0.4920400598769065
 0
 0.007959940123093506
 0
 0
 0.04099222316834075
 0
 -0.4590077768316593
 -0.4920400598769065
 0
 0.007959940123093506
 0
 0
 0.09665714182485244
 0
 -0.4033428581751476
 -0.4920400598769065
 0
 0.007959940123093506
 0
 0
 0.1689366441490478
 0
 -0.3310633558509522
 -0.4920400598769065
 0
 0.007959940123093506
 0
 0
 0.25
 0
 -0.25
 -0.4920400598769065
 0
 0.007959940123093506
 0
 0
 0.3310633558509522
 0
 -0.1689366441490478
 -0.4920400598769065
 0
 0.007959940123093506
 0
 0
 0.4033428581751477
 0
 -0.0966571418248523
 -0.4920400598769065
 0
 0.007959940123093506
 0
 0
 0.4590077768316587
 0
 -0.04099222316834128
 -0.4920400598769065
 0
 0.007959940123093506
 0
 0
 0.4920400598769067
 0
 -0.007959940123093256
 -0.4920400598769065
 0
 0.007959940123093506
 0
 0
 0.007959940123093506
 0
 -0.4920400598769065
 -0.4590077768316593
 0
 0.04099222316834075
 0
 0
 0.04099222316834075
 0
 -0.4590077768316593
 -0.4590077768316593
 0
 0.04099222316834075
 0
 0
 0.09665714182485244
 0
 -0.4033428581751476
 -0.4590077768316593
 0
 0.04099222316834075
 0
 0
 0.1689366441490478
 0
 -0.3310633558509522
 -0.4590077768316593
 0
 0.04099222316834075
 0
 0
 0.25
 0
 -0.25
 -0.4590077768316593
 0
 0.04099222316834075
 0
 0
 0.3310633558509522
 0
 -0.1689366441490478
 -0.4590077768316593
 0
 0.04099222316834075
 0
 0
 0.4033428581751477
 0
 -0.0966571418248523
 -0.4590077768316593
 0
 0.04099222316834075
 0
 0
 0.4590077768316587
 0
 -0.04099222316834128
 -0.4590077768316593
 0
 0.04099222316834075
 0
 0
 0.4920400598769067
 0
 -0.007959940123093256
 -0.4590077768316593
 0
 0.04099222316834075
 0
 0
 0.007959940123093506
 0
 -0.4920400598769065
 -0.4033428581751476
 0
 0.09665714182485244
 0
 0
 0.04099222316834075
 0
 -0.4590077768316593
 -0.4033428581751476
 0
 0.09665714182485244
 0
 0
 0.09665714182485244
 0
 -0.4033428581751476
 -0.4033428581751476
 0
 0.09665714182485244
 0
 0
 0.1689366441490478
 0
 -0.3310633558509522
 -0.4033428581751476
 0
 0.09665714182485244
 0
 0
 0.25
 0
 -0.25
 -0.4033428581751476
 0
 0.09665714182485244
 0
 0
 0.3310633558509522
 0
 -0.1689366441490478
 -0.4033428581751476
 0
 0.09665714182485244
 0
 0
 0.4033428581751477
 0
 -0.0966571418248523
 -0.4033428581751476
 0
 0.09665714182485244
 0
 0
 0.4590077768316587
 0
 -0.04099222316834128
 -0.4033428581751476
 0
 0.09665714182485244
 0
 0
 0.4920400598769067
 0
 -0.007959940123093256
 -0.4033428581751476
 0
 0.09665714182485244
 0
 0
 0.007959940123093506
 0
 -0.4920400598769065
 -0.3310633558509522
 0
 0.1689366441490478
 0
 0
 0.04099222316834075
 0
 -0.4590077768316593
 -0.3310633558509522
 0
 0.1689366441490478
 0
 0
 0.09665714182485244
 0
 -0.4033428581751476
 -0.3310633558509522
 0
 0.1689366441490478
 0
 0
 0.1689366441490478
 0
 -0.3310633558509522
 -0.3310633558509522
 0
 0.1689366441490478
 0
 0
 0.25
 0
 -0.25
 -0.3310633558509522
 0
 0.1689366441490478
 0
 0
 0.3310633558509522
 0
 -0.1689366441490478
 -0.3310633558509522
 0
 0.1689366441490478
 0
 0
 0.4033428581751477
 0
 -0.0966571418248523
 -0.3310633558509522
 0
 0.1689366441490478
 0
 0
 0.4590077768316587
 0
 -0.04099222316834128
 -0.3310633558509522
 0
 0.1689366441490478
 0
 0
 0.4920400598769067
 0
 -0.007959940123093256
 -0.3310633558509522
 0
 0.1689366441490478
 0
 0
 0.007959940123093506
 0
 -0.4920400598769065
 -0.25
 0
 0.25
 0
 0
 0.04099222316834075
 0
 -0.4590077768316593
 -0.25
 0
 0.25
 0
 0
 0.09665714182485244
 0
 -0.4033428581751476
 -0.25
 0
 0.25
 0
 0
 0.1689366441490478
 0
 -0.3310633558509522
 -0.25
 0
 0.25
 0
 0
 0.25
 0
 -0.25
 -0.25
 0
 0.25
 0
 0
 0.3310633558509522
 0
 -0.1689366441490478
 -0.25
 0
 0.25
 0
 0
 0.4033428581751477
 0
 -0.0966571418248523
 -0.25
 0
 0.25
 0
 0
 0.4590077768316587
 0
 -0.04099222316834128
 -0.25
 0
 0.25
 0
 0
 0.4920400598769067
 0
 -0.007959940123093256
 -0.25
 0
 0.25
 0
 0
 0.007959940123093506
 0
 -0.4920400598769065
 -0.1689366441490478
 0
 0.3310633558509522
 0
 0
 0.04099222316834075
 0
 -0.4590077768316593
 -0.1689366441490478
 0
 0.3310633558509522
 0
 0
 0.09665714182485244
 0
 -0.4033428581751476
 -0.1689366441490478
 0
 0.3310633558509522
 0
 0
 0.1689366441490478
 0
 -0.3310633558509522
 -0.1689366441490478
 0
 0.3310633558509522
 0
 0
 0.25
 0
 -0.25
 -0.1689366441490478
 0
 0.3310633558509522
 0
 0
 0.3310633558509522
 0
 -0.1689366441490478
 -0.1689366441490478
 0
 0.3310633558509522
 0
 0
 0.4033428581751477
 0
 -0.0966571418248523
 -0.1689366441490478
 0
 0.3310633558509522
 0
 0
 0.4590077768316587
 0
 -0.04099222316834128
 -0.1689366441490478
 0
 0.3310633558509522
 0
 0
 0.4920400598769067
 0
 -0.007959940123093256
 -0.1689366441490478
 0
 0.3310633558509522
 0
 0
 0.007959940123093506
 0
 -0.4920400598769065
 -0.0966571418248523
 0
 0.4033428581751477
 0
 0
 0.04099222316834075
 0
 -0.4590077768316593
 -0.0966571418248523
 0
 0.4033428581751477
 0
 0
 0.09665714182485244
 0
 -0.4033428581751476
 -0.0966571418248523
 0
 0.4033428581751477
 0
 0
 0.1689366441490478
 0
 -0.3310633558509522
 -0.0966571418248523
 0
 0.4033428581751477
 0
 0
 0.25
 0
 -0.25
 -0.0966571418248523
 0
 0.4033428581751477
 0
 0
 0.3310633558509522
 0
 -0.1689366441490478
 -0.0966571418248523
 0
 0.4033428581751477
 0
 0
 0.4033428581751477
 0
 -0.0966571418248523
 -0.0966571418248523
 0
 0.4033428581751477
 0
 0
 0.4590077768316587
 0
 -0.04099222316834128
 -0.0966571418248523
 0
 0.4033428581751477
 0
 0
 0.4920400598769067
 0
 -0.007959940123093256
 -0.0966571418248523
 0
 0.4033428581751477
 0
 0
 0.007959940123093506
 0
 -0.4920400598769065
 -0.04099222316834128
 0
 0.4590077768316587
 0
 0
 0.04099222316834075
 0
 -0.4590077768316593
 -0.04099222316834128
 0
 0.4590077768316587
 0
 0
 0.09665714182485244
 0
 -0.4033428581751476
 -0.04099222316834128
 0
 0.4590077768316587
 0
 0
 0.1689366441490478
 0
 -0.3310633558509522
 -0.04099222316834128
 0
 0.4590077768316587
 0
 0
 0.25
 0
 -0.25
 -0.04099222316834128
 0
 0.4590077768316587
 0
 0
 0.3310633558509522
 0
 -0.1689366441490478
 -0.04099222316834128
 0
 0.4590077768316587
 0
 0
 0.4033428581751477
 0
 -0.0966571418248523
 -0.04099222316834128
 0
 0.4590077768316587
 0
 0
 0.4590077768316587
 0
 -0.04099222316834128
 -0.04099222316834128
 0
 0.4590077768316587
 0
 0
 0.4920400598769067
 0
 -0.007959940123093256
 -0.04099222316834128
 0
 0.4590077768316587
 0
 0
 0.007959940123093506
 0
 -0.4920400598769065
 -0.007959940123093256
 0
 0.4920400598769067
 0
 0
 0.04099222316834075
 0
 -0.4590077768316593
 -0.007959940123093256
 0
 0.4920400598769067
 0
 0
 0.09665714182485244
 0
 -0.4033428581751476
 -0.007959940123093256
 0
 0.4920400598769067
 0
 0
 0.1689366441490478
 0
 -0.3310633558509522
 -0.007959940123093256
 0
 0.4920400598769067
 0
 0
 0.25
 0
 -0.25
 -0.007959940123093256
 0
 0.4920400598769067
 0
 0
 0.3310633558509522
 0
 -0.1689366441490478
 -0.007959940123093256
 0
 0.4920400598769067
 0
 0
 0.4033428581751477
 0
 -0.0966571418248523
 -0.007959940123093256
 0
 0.4920400598769067
 0
 0
 0.4590077768316587
 0
 -0.04099222316834128
 -0.007959940123093256
 0
 0.4920400598769067
 0
 0
 0.4920400598769067
 0
 -0.007959940123093256
 -0.007959940123093256
 0
 0.4920400598769067
 0


