# Created by Octave 3.8.1, Mon Aug 17 16:45:50 2015 PDT <ataicher@ataicher-Inspiron-7548>
# name: basis
# type: matrix
# ndims: 3
 4 2 36
 0
 0.01688262144921199
 0
 -0.483117378550788
 -0.483117378550788
 0
 0.01688262144921199
 0
 0
 0.08469765338343385
 0
 -0.4153023466165662
 -0.483117378550788
 0
 0.01688262144921199
 0
 0
 0.1903452034792008
 0
 -0.3096547965207992
 -0.483117378550788
 0
 0.01688262144921199
 0
 0
 0.3096547965207992
 0
 -0.1903452034792008
 -0.483117378550788
 0
 0.01688262144921199
 0
 0
 0.4153023466165662
 0
 -0.08469765338343382
 -0.483117378550788
 0
 0.01688262144921199
 0
 0
 0.483117378550788
 0
 -0.01688262144921199
 -0.483117378550788
 0
 0.01688262144921199
 0
 0
 0.01688262144921199
 0
 -0.483117378550788
 -0.4153023466165662
 0
 0.08469765338343385
 0
 0
 0.08469765338343385
 0
 -0.4153023466165662
 -0.4153023466165662
 0
 0.08469765338343385
 0
 0
 0.1903452034792008
 0
 -0.3096547965207992
 -0.4153023466165662
 0
 0.08469765338343385
 0
 0
 0.3096547965207992
 0
 -0.1903452034792008
 -0.4153023466165662
 0
 0.08469765338343385
 0
 0
 0.4153023466165662
 0
 -0.08469765338343382
 -0.4153023466165662
 0
 0.08469765338343385
 0
 0
 0.483117378550788
 0
 -0.01688262144921199
 -0.4153023466165662
 0
 0.08469765338343385
 0
 0
 0.01688262144921199
 0
 -0.483117378550788
 -0.3096547965207992
 0
 0.1903452034792008
 0
 0
 0.08469765338343385
 0
 -0.4153023466165662
 -0.3096547965207992
 0
 0.1903452034792008
 0
 0
 0.1903452034792008
 0
 -0.3096547965207992
 -0.3096547965207992
 0
 0.1903452034792008
 0
 0
 0.3096547965207992
 0
 -0.1903452034792008
 -0.3096547965207992
 0
 0.1903452034792008
 0
 0
 0.4153023466165662
 0
 -0.08469765338343382
 -0.3096547965207992
 0
 0.1903452034792008
 0
 0
 0.483117378550788
 0
 -0.01688262144921199
 -0.3096547965207992
 0
 0.1903452034792008
 0
 0
 0.01688262144921199
 0
 -0.483117378550788
 -0.1903452034792008
 0
 0.3096547965207992
 0
 0
 0.08469765338343385
 0
 -0.4153023466165662
 -0.1903452034792008
 0
 0.3096547965207992
 0
 0
 0.1903452034792008
 0
 -0.3096547965207992
 -0.1903452034792008
 0
 0.3096547965207992
 0
 0
 0.3096547965207992
 0
 -0.1903452034792008
 -0.1903452034792008
 0
 0.3096547965207992
 0
 0
 0.4153023466165662
 0
 -0.08469765338343382
 -0.1903452034792008
 0
 0.3096547965207992
 0
 0
 0.483117378550788
 0
 -0.01688262144921199
 -0.1903452034792008
 0
 0.3096547965207992
 0
 0
 0.01688262144921199
 0
 -0.483117378550788
 -0.08469765338343382
 0
 0.4153023466165662
 0
 0
 0.08469765338343385
 0
 -0.4153023466165662
 -0.08469765338343382
 0
 0.4153023466165662
 0
 0
 0.1903452034792008
 0
 -0.3096547965207992
 -0.08469765338343382
 0
 0.4153023466165662
 0
 0
 0.3096547965207992
 0
 -0.1903452034792008
 -0.08469765338343382
 0
 0.4153023466165662
 0
 0
 0.4153023466165662
 0
 -0.08469765338343382
 -0.08469765338343382
 0
 0.4153023466165662
 0
 0
 0.483117378550788
 0
 -0.01688262144921199
 -0.08469765338343382
 0
 0.4153023466165662
 0
 0
 0.01688262144921199
 0
 -0.483117378550788
 -0.01688262144921199
 0
 0.483117378550788
 0
 0
 0.08469765338343385
 0
 -0.4153023466165662
 -0.01688262144921199
 0
 0.483117378550788
 0
 0
 0.1903452034792008
 0
 -0.3096547965207992
 -0.01688262144921199
 0
 0.483117378550788
 0
 0
 0.3096547965207992
 0
 -0.1903452034792008
 -0.01688262144921199
 0
 0.483117378550788
 0
 0
 0.4153023466165662
 0
 -0.08469765338343382
 -0.01688262144921199
 0
 0.483117378550788
 0
 0
 0.483117378550788
 0
 -0.01688262144921199
 -0.01688262144921199
 0
 0.483117378550788
 0


# name: basisDer
# type: matrix
# ndims: 4
 4 2 2 36
 0
 0.25
 0
 0.25
 0
 0
 0
 0
 0
 0
 0
 0
 0.25
 0
 0.25
 0
 0
 0.25
 0
 0.25
 0
 0
 0
 0
 0
 0
 0
 0
 0.25
 0
 0.25
 0
 0
 0.25
 0
 0.25
 0
 0
 0
 0
 0
 0
 0
 0
 0.25
 0
 0.25
 0
 0
 0.25
 0
 0.25
 0
 0
 0
 0
 0
 0
 0
 0
 0.25
 0
 0.25
 0
 0
 0.25
 0
 0.25
 0
 0
 0
 0
 0
 0
 0
 0
 0.25
 0
 0.25
 0
 0
 0.25
 0
 0.25
 0
 0
 0
 0
 0
 0
 0
 0
 0.25
 0
 0.25
 0
 0
 0.25
 0
 0.25
 0
 0
 0
 0
 0
 0
 0
 0
 0.25
 0
 0.25
 0
 0
 0.25
 0
 0.25
 0
 0
 0
 0
 0
 0
 0
 0
 0.25
 0
 0.25
 0
 0
 0.25
 0
 0.25
 0
 0
 0
 0
 0
 0
 0
 0
 0.25
 0
 0.25
 0
 0
 0.25
 0
 0.25
 0
 0
 0
 0
 0
 0
 0
 0
 0.25
 0
 0.25
 0
 0
 0.25
 0
 0.25
 0
 0
 0
 0
 0
 0
 0
 0
 0.25
 0
 0.25
 0
 0
 0.25
 0
 0.25
 0
 0
 0
 0
 0
 0
 0
 0
 0.25
 0
 0.25
 0
 0
 0.25
 0
 0.25
 0
 0
 0
 0
 0
 0
 0
 0
 0.25
 0
 0.25
 0
 0
 0.25
 0
 0.25
 0
 0
 0
 0
 0
 0
 0
 0
 0.25
 0
 0.25
 0
 0
 0.25
 0
 0.25
 0
 0
 0
 0
 0
 0
 0
 0
 0.25
 0
 0.25
 0
 0
 0.25
 0
 0.25
 0
 0
 0
 0
 0
 0
 0
 0
 0.25
 0
 0.25
 0
 0
 0.25
 0
 0.25
 0
 0
 0
 0
 0
 0
 0
 0
 0.25
 0
 0.25
 0
 0
 0.25
 0
 0.25
 0
 0
 0
 0
 0
 0
 0
 0
 0.25
 0
 0.25
 0
 0
 0.25
 0
 0.25
 0
 0
 0
 0
 0
 0
 0
 0
 0.25
 0
 0.25
 0
 0
 0.25
 0
 0.25
 0
 0
 0
 0
 0
 0
 0
 0
 0.25
 0
 0.25
 0
 0
 0.25
 0
 0.25
 0
 0
 0
 0
 0
 0
 0
 0
 0.25
 0
 0.25
 0
 0
 0.25
 0
 0.25
 0
 0
 0
 0
 0
 0
 0
 0
 0.25
 0
 0.25
 0
 0
 0.25
 0
 0.25
 0
 0
 0
 0
 0
 0
 0
 0
 0.25
 0
 0.25
 0
 0
 0.25
 0
 0.25
 0
 0
 0
 0
 0
 0
 0
 0
 0.25
 0
 0.25
 0
 0
 0.25
 0
 0.25
 0
 0
 0
 0
 0
 0
 0
 0
 0.25
 0
 0.25
 0
 0
 0.25
 0
 0.25
 0
 0
 0
 0
 0
 0
 0
 0
 0.25
 0
 0.25
 0
 0
 0.25
 0
 0.25
 0
 0
 0
 0
 0
 0
 0
 0
 0.25
 0
 0.25
 0
 0
 0.25
 0
 0.25
 0
 0
 0
 0
 0
 0
 0
 0
 0.25
 0
 0.25
 0
 0
 0.25
 0
 0.25
 0
 0
 0
 0
 0
 0
 0
 0
 0.25
 0
 0.25
 0
 0
 0.25
 0
 0.25
 0
 0
 0
 0
 0
 0
 0
 0
 0.25
 0
 0.25
 0
 0
 0.25
 0
 0.25
 0
 0
 0
 0
 0
 0
 0
 0
 0.25
 0
 0.25
 0
 0
 0.25
 0
 0.25
 0
 0
 0
 0
 0
 0
 0
 0
 0.25
 0
 0.25
 0
 0
 0.25
 0
 0.25
 0
 0
 0
 0
 0
 0
 0
 0
 0.25
 0
 0.25
 0
 0
 0.25
 0
 0.25
 0
 0
 0
 0
 0
 0
 0
 0
 0.25
 0
 0.25
 0
 0
 0.25
 0
 0.25
 0
 0
 0
 0
 0
 0
 0
 0
 0.25
 0
 0.25
 0
 0
 0.25
 0
 0.25
 0
 0
 0
 0
 0
 0
 0
 0
 0.25
 0
 0.25
 0


# name: edgeBasis
# type: matrix
# ndims: 4
 4 2 6 4
 0
 0.01688262144921199
 0
 -0.483117378550788
 -0.5
 0
 0
 0
 0
 0.08469765338343385
 0
 -0.4153023466165662
 -0.5
 0
 0
 0
 0
 0.1903452034792008
 0
 -0.3096547965207992
 -0.5
 0
 0
 0
 0
 0.3096547965207992
 0
 -0.1903452034792008
 -0.5
 0
 0
 0
 0
 0.4153023466165662
 0
 -0.08469765338343382
 -0.5
 0
 0
 0
 0
 0.483117378550788
 0
 -0.01688262144921199
 -0.5
 0
 0
 0
 0
 0.5
 0
 0
 -0.483117378550788
 0
 0.01688262144921199
 0
 0
 0.5
 0
 0
 -0.4153023466165662
 0
 0.08469765338343385
 0
 0
 0.5
 0
 0
 -0.3096547965207992
 0
 0.1903452034792008
 0
 0
 0.5
 0
 0
 -0.1903452034792008
 0
 0.3096547965207992
 0
 0
 0.5
 0
 0
 -0.08469765338343382
 0
 0.4153023466165662
 0
 0
 0.5
 0
 0
 -0.01688262144921199
 0
 0.483117378550788
 0
 0
 0.483117378550788
 0
 -0.01688262144921199
 0
 0
 0.5
 0
 0
 0.4153023466165662
 0
 -0.08469765338343385
 0
 0
 0.5
 0
 0
 0.3096547965207992
 0
 -0.1903452034792008
 0
 0
 0.5
 0
 0
 0.1903452034792008
 0
 -0.3096547965207992
 0
 0
 0.5
 0
 0
 0.08469765338343382
 0
 -0.4153023466165662
 0
 0
 0.5
 0
 0
 0.01688262144921199
 0
 -0.483117378550788
 0
 0
 0.5
 0
 0
 0
 0
 -0.5
 -0.01688262144921199
 0
 0.483117378550788
 0
 0
 0
 0
 -0.5
 -0.08469765338343385
 0
 0.4153023466165662
 0
 0
 0
 0
 -0.5
 -0.1903452034792008
 0
 0.3096547965207992
 0
 0
 0
 0
 -0.5
 -0.3096547965207992
 0
 0.1903452034792008
 0
 0
 0
 0
 -0.5
 -0.4153023466165662
 0
 0.08469765338343382
 0
 0
 0
 0
 -0.5
 -0.483117378550788
 0
 0.01688262144921199
 0


