# Created by Octave 3.8.1, Mon Aug 17 16:45:51 2015 PDT <ataicher@ataicher-Inspiron-7548>
# name: basis
# type: matrix
# ndims: 3
 4 2 100
 0
 0.006523367870707009
 0
 -0.493476632129293
 -0.493476632129293
 0
 0.006523367870707009
 0
 0
 0.033734158327754
 0
 -0.466265841672246
 -0.493476632129293
 0
 0.006523367870707009
 0
 0
 0.08014760792524386
 0
 -0.4198523920747561
 -0.493476632129293
 0
 0.006523367870707009
 0
 0
 0.1416511514676883
 0
 -0.3583488485323117
 -0.493476632129293
 0
 0.006523367870707009
 0
 0
 0.2127814152545922
 0
 -0.2872185847454078
 -0.493476632129293
 0
 0.006523367870707009
 0
 0
 0.2872185847454078
 0
 -0.2127814152545922
 -0.493476632129293
 0
 0.006523367870707009
 0
 0
 0.3583488485323117
 0
 -0.1416511514676883
 -0.493476632129293
 0
 0.006523367870707009
 0
 0
 0.4198523920747561
 0
 -0.08014760792524389
 -0.493476632129293
 0
 0.006523367870707009
 0
 0
 0.466265841672246
 0
 -0.033734158327754
 -0.493476632129293
 0
 0.006523367870707009
 0
 0
 0.493476632129293
 0
 -0.006523367870707009
 -0.493476632129293
 0
 0.006523367870707009
 0
 0
 0.006523367870707009
 0
 -0.493476632129293
 -0.466265841672246
 0
 0.033734158327754
 0
 0
 0.033734158327754
 0
 -0.466265841672246
 -0.466265841672246
 0
 0.033734158327754
 0
 0
 0.08014760792524386
 0
 -0.4198523920747561
 -0.466265841672246
 0
 0.033734158327754
 0
 0
 0.1416511514676883
 0
 -0.3583488485323117
 -0.466265841672246
 0
 0.033734158327754
 0
 0
 0.2127814152545922
 0
 -0.2872185847454078
 -0.466265841672246
 0
 0.033734158327754
 0
 0
 0.2872185847454078
 0
 -0.2127814152545922
 -0.466265841672246
 0
 0.033734158327754
 0
 0
 0.3583488485323117
 0
 -0.1416511514676883
 -0.466265841672246
 0
 0.033734158327754
 0
 0
 0.4198523920747561
 0
 -0.08014760792524389
 -0.466265841672246
 0
 0.033734158327754
 0
 0
 0.466265841672246
 0
 -0.033734158327754
 -0.466265841672246
 0
 0.033734158327754
 0
 0
 0.493476632129293
 0
 -0.006523367870707009
 -0.466265841672246
 0
 0.033734158327754
 0
 0
 0.006523367870707009
 0
 -0.493476632129293
 -0.4198523920747561
 0
 0.08014760792524386
 0
 0
 0.033734158327754
 0
 -0.466265841672246
 -0.4198523920747561
 0
 0.08014760792524386
 0
 0
 0.08014760792524386
 0
 -0.4198523920747561
 -0.4198523920747561
 0
 0.08014760792524386
 0
 0
 0.1416511514676883
 0
 -0.3583488485323117
 -0.4198523920747561
 0
 0.08014760792524386
 0
 0
 0.2127814152545922
 0
 -0.2872185847454078
 -0.4198523920747561
 0
 0.08014760792524386
 0
 0
 0.2872185847454078
 0
 -0.2127814152545922
 -0.4198523920747561
 0
 0.08014760792524386
 0
 0
 0.3583488485323117
 0
 -0.1416511514676883
 -0.4198523920747561
 0
 0.08014760792524386
 0
 0
 0.4198523920747561
 0
 -0.08014760792524389
 -0.4198523920747561
 0
 0.08014760792524386
 0
 0
 0.466265841672246
 0
 -0.033734158327754
 -0.4198523920747561
 0
 0.08014760792524386
 0
 0
 0.493476632129293
 0
 -0.006523367870707009
 -0.4198523920747561
 0
 0.08014760792524386
 0
 0
 0.006523367870707009
 0
 -0.493476632129293
 -0.3583488485323117
 0
 0.1416511514676883
 0
 0
 0.033734158327754
 0
 -0.466265841672246
 -0.3583488485323117
 0
 0.1416511514676883
 0
 0
 0.08014760792524386
 0
 -0.4198523920747561
 -0.3583488485323117
 0
 0.1416511514676883
 0
 0
 0.1416511514676883
 0
 -0.3583488485323117
 -0.3583488485323117
 0
 0.1416511514676883
 0
 0
 0.2127814152545922
 0
 -0.2872185847454078
 -0.3583488485323117
 0
 0.1416511514676883
 0
 0
 0.2872185847454078
 0
 -0.2127814152545922
 -0.3583488485323117
 0
 0.1416511514676883
 0
 0
 0.3583488485323117
 0
 -0.1416511514676883
 -0.3583488485323117
 0
 0.1416511514676883
 0
 0
 0.4198523920747561
 0
 -0.08014760792524389
 -0.3583488485323117
 0
 0.1416511514676883
 0
 0
 0.466265841672246
 0
 -0.033734158327754
 -0.3583488485323117
 0
 0.1416511514676883
 0
 0
 0.493476632129293
 0
 -0.006523367870707009
 -0.3583488485323117
 0
 0.1416511514676883
 0
 0
 0.006523367870707009
 0
 -0.493476632129293
 -0.2872185847454078
 0
 0.2127814152545922
 0
 0
 0.033734158327754
 0
 -0.466265841672246
 -0.2872185847454078
 0
 0.2127814152545922
 0
 0
 0.08014760792524386
 0
 -0.4198523920747561
 -0.2872185847454078
 0
 0.2127814152545922
 0
 0
 0.1416511514676883
 0
 -0.3583488485323117
 -0.2872185847454078
 0
 0.2127814152545922
 0
 0
 0.2127814152545922
 0
 -0.2872185847454078
 -0.2872185847454078
 0
 0.2127814152545922
 0
 0
 0.2872185847454078
 0
 -0.2127814152545922
 -0.2872185847454078
 0
 0.2127814152545922
 0
 0
 0.3583488485323117
 0
 -0.1416511514676883
 -0.2872185847454078
 0
 0.2127814152545922
 0
 0
 0.4198523920747561
 0
 -0.08014760792524389
 -0.2872185847454078
 0
 0.2127814152545922
 0
 0
 0.466265841672246
 0
 -0.033734158327754
 -0.2872185847454078
 0
 0.2127814152545922
 0
 0
 0.493476632129293
 0
 -0.006523367870707009
 -0.2872185847454078
 0
 0.2127814152545922
 0
 0
 0.006523367870707009
 0
 -0.493476632129293
 -0.2127814152545922
 0
 0.2872185847454078
 0
 0
 0.033734158327754
 0
 -0.466265841672246
 -0.2127814152545922
 0
 0.2872185847454078
 0
 0
 0.08014760792524386
 0
 -0.4198523920747561
 -0.2127814152545922
 0
 0.2872185847454078
 0
 0
 0.1416511514676883
 0
 -0.3583488485323117
 -0.2127814152545922
 0
 0.2872185847454078
 0
 0
 0.2127814152545922
 0
 -0.2872185847454078
 -0.2127814152545922
 0
 0.2872185847454078
 0
 0
 0.2872185847454078
 0
 -0.2127814152545922
 -0.2127814152545922
 0
 0.2872185847454078
 0
 0
 0.3583488485323117
 0
 -0.1416511514676883
 -0.2127814152545922
 0
 0.2872185847454078
 0
 0
 0.4198523920747561
 0
 -0.08014760792524389
 -0.2127814152545922
 0
 0.2872185847454078
 0
 0
 0.466265841672246
 0
 -0.033734158327754
 -0.2127814152545922
 0
 0.2872185847454078
 0
 0
 0.493476632129293
 0
 -0.006523367870707009
 -0.2127814152545922
 0
 0.2872185847454078
 0
 0
 0.006523367870707009
 0
 -0.493476632129293
 -0.1416511514676883
 0
 0.3583488485323117
 0
 0
 0.033734158327754
 0
 -0.466265841672246
 -0.1416511514676883
 0
 0.3583488485323117
 0
 0
 0.08014760792524386
 0
 -0.4198523920747561
 -0.1416511514676883
 0
 0.3583488485323117
 0
 0
 0.1416511514676883
 0
 -0.3583488485323117
 -0.1416511514676883
 0
 0.3583488485323117
 0
 0
 0.2127814152545922
 0
 -0.2872185847454078
 -0.1416511514676883
 0
 0.3583488485323117
 0
 0
 0.2872185847454078
 0
 -0.2127814152545922
 -0.1416511514676883
 0
 0.3583488485323117
 0
 0
 0.3583488485323117
 0
 -0.1416511514676883
 -0.1416511514676883
 0
 0.3583488485323117
 0
 0
 0.4198523920747561
 0
 -0.08014760792524389
 -0.1416511514676883
 0
 0.3583488485323117
 0
 0
 0.466265841672246
 0
 -0.033734158327754
 -0.1416511514676883
 0
 0.3583488485323117
 0
 0
 0.493476632129293
 0
 -0.006523367870707009
 -0.1416511514676883
 0
 0.3583488485323117
 0
 0
 0.006523367870707009
 0
 -0.493476632129293
 -0.08014760792524389
 0
 0.4198523920747561
 0
 0
 0.033734158327754
 0
 -0.466265841672246
 -0.08014760792524389
 0
 0.4198523920747561
 0
 0
 0.08014760792524386
 0
 -0.4198523920747561
 -0.08014760792524389
 0
 0.4198523920747561
 0
 0
 0.1416511514676883
 0
 -0.3583488485323117
 -0.08014760792524389
 0
 0.4198523920747561
 0
 0
 0.2127814152545922
 0
 -0.2872185847454078
 -0.08014760792524389
 0
 0.4198523920747561
 0
 0
 0.2872185847454078
 0
 -0.2127814152545922
 -0.08014760792524389
 0
 0.4198523920747561
 0
 0
 0.3583488485323117
 0
 -0.1416511514676883
 -0.08014760792524389
 0
 0.4198523920747561
 0
 0
 0.4198523920747561
 0
 -0.08014760792524389
 -0.08014760792524389
 0
 0.4198523920747561
 0
 0
 0.466265841672246
 0
 -0.033734158327754
 -0.08014760792524389
 0
 0.4198523920747561
 0
 0
 0.493476632129293
 0
 -0.006523367870707009
 -0.08014760792524389
 0
 0.4198523920747561
 0
 0
 0.006523367870707009
 0
 -0.493476632129293
 -0.033734158327754
 0
 0.466265841672246
 0
 0
 0.033734158327754
 0
 -0.466265841672246
 -0.033734158327754
 0
 0.466265841672246
 0
 0
 0.08014760792524386
 0
 -0.4198523920747561
 -0.033734158327754
 0
 0.466265841672246
 0
 0
 0.1416511514676883
 0
 -0.3583488485323117
